308	1	4	887736532
251	100	4	886271884
25	181	5	885853415
20	288	1	879667584
32	294	3	883709863
44	294	4	883612356
26	258	3	891347949
194	181	3	879521396
66	258	4	883601089
207	258	4	877879172
191	286	4	891560842
134	286	3	891732334
287	1	5	875334088
286	288	5	875806672
290	50	5	880473582
264	294	3	886121516
231	181	4	888605273
56	121	5	892679480
298	181	4	884125629
10	100	5	877891747
245	181	4	888513664
181	121	4	878962623
276	181	5	874786488
267	121	3	878970681
126	294	3	887855087
37	288	4	880915258
90	258	3	891382121
108	100	4	879879720
92	121	5	875640679
254	121	3	886472369
276	294	4	874786366
79	50	4	891271545
6	258	2	883268278
150	181	5	878746685
148	1	4	877019411
280	1	4	891700426
198	258	4	884204501
84	121	4	883452307
13	181	5	882140354
2	50	5	888552084
8	50	5	879362124
63	100	5	875747319
274	50	5	878944679
66	181	5	883601425
44	258	4	878340824
23	258	5	876785704
312	100	4	891698613
117	181	5	880124648
141	258	5	884584338
66	1	3	883601324
5	1	4	875635748
109	1	4	880563619
227	50	4	879035347
181	1	3	878962392
104	300	3	888442275
13	121	5	882397503
62	288	2	879371909
22	258	5	878886261
65	100	3	879217558
95	1	5	879197329
109	258	5	880562908
282	288	4	879949367
252	300	4	891448664
197	300	4	891409422
287	294	5	875333873
165	288	2	879525673
195	300	3	890588925
99	50	5	885679998
262	121	3	879790536
79	100	5	891271652
305	50	5	886321799
25	258	5	885853199
176	258	4	886047026
58	100	5	884304553
268	1	3	875742341
199	258	4	883782403
103	121	3	880415766
137	300	5	881432524
213	294	3	878870226
203	181	5	880434278
198	100	1	884207325
127	294	4	884363803
312	121	3	891698174
62	258	5	879371909
108	50	4	879879739
184	181	4	889907426
59	286	3	888202532
12	300	4	879958639
258	288	1	885700919
293	288	3	888904327
99	181	5	885680138
296	258	5	884196469
63	50	4	875747292
69	300	3	882027204
286	258	4	877530390
184	100	5	889907652
142	181	5	888640317
275	258	3	875154310
162	181	4	877635798
6	294	2	883599938
207	121	3	875504876
173	286	5	877556626
131	100	5	883681418
197	294	4	891409290
189	1	5	893264174
234	50	4	892079237
236	286	5	890115777
97	50	5	884239471
150	121	2	878747322
117	50	5	880126022
70	50	4	884064188
320	294	4	884748418
150	100	2	878746636
318	50	2	884495696
102	300	3	875886434
307	100	3	879206424
145	1	3	882181396
109	100	4	880563080
145	50	5	885557660
124	50	3	890287508
253	50	4	891628518
297	286	5	874953892
147	258	4	885594040
42	121	4	881110578
176	294	2	886047220
138	121	4	879023558
307	258	5	879283786
311	181	4	884364724
254	286	1	887346861
241	294	3	887250085
176	288	3	886046979
165	258	5	879525672
195	181	5	875771440
74	288	3	888333280
211	300	2	879461395
158	1	4	880132443
296	286	5	884196209
162	121	4	877636000
178	121	5	882824291
75	121	4	884050450
246	121	4	884922627
274	288	4	878944379
271	121	2	885848132
1	121	4	875071823
294	288	5	877818729
67	1	3	875379445
261	294	4	890454217
237	100	5	879376381
113	294	4	875935277
271	50	5	885848640
179	258	5	892151270
262	258	4	879961282
232	1	4	880062302
69	258	4	882027204
254	50	5	886471151
329	100	4	891655812
86	258	5	879570366
197	288	3	891409387
150	1	4	878746441
59	121	4	888203313
133	258	5	890588639
289	1	3	876789736
244	100	4	880604252
271	300	2	885844583
326	50	5	879875112
268	121	2	875743141
26	286	3	891347400
163	288	3	891220226
257	258	3	879029516
327	300	2	887743541
43	286	4	875975028
191	288	3	891562090
284	258	4	885329146
7	300	4	891350703
213	50	5	878870456
195	100	5	875771440
30	181	4	875060217
223	258	1	891548802
173	300	4	877556988
292	100	5	881103999
224	258	3	888081947
285	288	5	890595584
297	300	3	874953892
13	300	1	881515736
286	100	3	876521650
80	50	3	887401533
216	286	4	881432501
203	294	2	880433398
117	1	4	880126083
104	100	4	888465166
49	1	2	888068651
322	50	5	887314418
28	50	4	881957090
106	286	4	881449486
211	181	1	879461498
267	50	5	878974783
235	100	4	889655550
126	258	4	887853919
3	294	2	889237224
121	121	2	891388501
209	258	2	883589626
130	50	5	874953665
246	294	2	884924460
154	286	4	879138235
22	294	1	878886262
228	288	4	889387173
178	288	5	882823353
255	258	4	883215406
57	294	4	883696547
100	288	2	891374603
334	100	5	891544707
262	50	2	879962366
223	1	4	891549324
197	181	5	891409893
280	100	3	891700385
310	258	3	879435606
151	300	4	879523942
159	258	4	893255836
318	286	3	884470681
330	121	4	876544582
230	50	5	880484755
239	286	1	889178512
138	100	5	879022956
16	288	3	877717078
135	294	4	879857575
110	300	3	886987380
180	121	5	877127830
40	258	3	889041981
166	288	3	886397510
250	294	1	878089033
214	121	4	891543632
64	100	4	879365558
181	286	1	878961173
200	286	4	884125953
221	100	5	875244125
177	300	2	880130434
144	286	4	888103370
339	288	3	891036899
239	288	2	889178513
39	258	4	891400280
316	50	1	880853654
16	294	4	877717116
26	100	5	891386368
220	288	5	881197887
21	288	3	874950932
248	181	4	884535374
206	288	5	888179565
76	100	5	875028391
327	50	3	887745574
14	100	5	876965165
158	100	5	880132401
299	50	4	877877775
56	1	4	892683248
76	258	3	875027206
73	286	4	888792192
145	286	3	875269755
293	300	2	888904004
303	181	5	879468082
102	121	3	888801673
155	294	3	879371194
251	258	3	886271496
79	288	3	891272015
10	294	3	879163524
344	181	3	884901047
53	100	5	879442537
207	294	3	875504669
65	121	4	879217458
86	286	3	879569555
144	50	5	888103929
342	288	5	875318267
299	286	4	877618524
62	294	1	879373215
59	258	3	888202749
8	294	3	879361521
17	1	4	885272579
127	286	1	884364525
83	294	3	887665569
28	100	5	881957425
45	121	4	881013563
63	288	3	875746948
340	1	5	884990988
240	300	3	885775563
151	100	3	879524514
317	300	4	891446313
193	288	1	889123777
341	294	3	890757997
59	100	5	888202899
251	121	4	886272118
240	288	5	885775536
96	100	5	884403758
238	181	3	883576336
204	258	2	892388976
311	258	4	884363706
248	100	4	884534716
162	50	5	877635662
77	181	3	884732278
177	1	3	880130699
246	100	4	884921033
253	294	4	891627829
48	50	4	879434723
200	121	5	876042268
1	258	5	878873389
190	300	4	891033606
9	286	5	886960055
113	100	4	875935610
282	258	5	879949367
141	50	4	884584735
32	100	3	883717662
251	50	5	886272086
99	258	5	885678696
62	100	4	879372276
103	300	3	880416727
234	294	3	891033715
72	181	1	880037203
127	300	5	884364017
79	286	5	891271792
18	286	5	880129305
169	181	5	891359276
345	121	3	884991384
49	258	2	888065895
355	300	4	879486529
46	288	2	883611307
306	100	4	876504286
331	100	4	877196308
117	121	4	880126038
194	1	4	879539127
332	258	5	887916151
233	286	3	876690514
250	1	4	883263374
43	300	5	875975135
297	50	5	874954541
323	100	4	878739177
280	286	4	891700185
53	181	4	879443046
238	300	4	883575836
325	181	4	891478160
87	300	3	879875418
117	258	4	880126022
229	286	4	891633029
18	181	3	880131631
363	288	4	891493723
64	181	4	889737420
173	294	5	877556864
213	1	2	878870719
33	258	4	891964066
137	50	5	881432937
116	294	2	876453376
348	288	5	886522495
154	50	5	879138657
257	50	5	882049897
107	258	4	891264466
269	50	3	891448926
350	1	4	882345734
348	1	4	886523078
105	258	5	889214306
131	1	4	883681384
123	50	3	879873726
161	286	2	891169991
200	294	4	884125953
327	288	4	887743600
134	300	3	891732220
332	300	5	887916188
108	181	3	879879985
14	181	5	889666215
195	258	4	882859352
365	258	4	891303515
189	121	2	893264816
94	50	5	891720996
260	300	3	890618198
330	50	5	876544366
67	121	4	875379683
206	258	4	888179602
332	288	5	887916151
368	50	4	889783678
205	258	3	888284313
106	1	4	881449487
329	258	3	891656639
189	100	4	893263994
270	286	5	876953744
184	258	3	889906882
6	286	2	883268170
128	300	5	879966355
330	181	5	876544277
134	258	4	891732122
108	121	3	879880190
298	286	4	884124929
14	121	3	876965061
304	288	3	884966696
234	1	3	891227689
86	300	3	879570277
54	121	4	880936669
117	288	3	880124254
190	294	3	891033370
77	50	4	884732345
321	50	4	879438793
303	288	4	879466018
166	258	4	886397562
328	100	5	885046305
62	121	4	879372916
381	50	5	892696252
332	181	5	887916529
214	294	3	891542520
257	288	3	879029516
256	294	3	882150053
68	288	4	876973726
176	100	5	886047918
204	286	3	892389046
265	181	2	875320180
217	258	1	889069536
107	300	1	891264432
92	181	4	876175052
15	286	2	879455049
56	181	5	892737154
276	121	4	874786897
277	286	5	879544145
74	100	4	888333428
128	294	4	879966376
168	258	4	884286863
43	50	4	875975211
249	100	5	879572370
313	100	5	891013681
94	258	5	891724044
43	1	5	875975579
357	294	4	878951101
232	181	4	880062330
286	50	4	875806869
22	121	3	878887925
159	286	1	880485233
362	258	4	885019435
227	286	3	879035072
247	50	5	893097024
3	300	2	889236939
20	1	3	879667963
347	288	5	881652118
249	121	3	879572705
68	50	5	876973969
347	300	5	881652054
178	286	3	882823324
150	50	5	878746719
85	300	3	879452259
21	121	1	874951416
263	294	2	891297330
90	100	5	891383241
299	100	3	877877600
288	300	5	886372155
246	1	4	884920918
344	288	4	889813994
99	100	5	885678813
89	121	5	879441657
271	258	3	885847357
214	50	3	891543114
256	181	4	882164444
329	300	4	891655431
94	1	4	885870323
73	100	4	888626120
155	286	4	879370860
50	286	2	877052400
174	288	3	886432770
279	1	3	875295812
211	286	4	879437184
91	181	5	891439243
327	294	3	887743644
361	286	5	879440286
386	121	3	877655145
270	288	5	876953827
244	258	5	880601905
30	286	5	885941156
41	100	4	890687242
275	300	4	875153898
210	50	5	887731014
5	100	5	875635349
38	1	5	892430636
257	100	5	882049950
271	294	2	885844698
11	100	4	891902718
28	294	3	881954915
357	258	4	878951101
128	1	4	879966919
96	1	5	884403574
292	288	3	877560833
158	50	4	880133306
348	294	4	886522658
199	294	1	883782636
303	294	4	879466116
193	258	3	889123038
279	50	3	890451347
13	100	5	882140166
164	300	5	889401221
182	121	3	885613117
141	288	3	884584386
305	100	3	886323648
340	181	4	884991431
75	100	5	884049875
182	100	3	885613067
203	1	3	880434384
131	286	5	883681514
244	294	4	880601905
223	286	1	891548562
189	294	5	893264220
116	286	3	876451911
186	288	1	879022858
157	1	5	874813703
165	181	5	879525738
7	181	3	891351287
94	100	5	885872942
105	286	4	889214306
377	288	5	891295937
288	50	4	886374520
54	258	4	880928745
293	181	3	888904734
168	288	1	884287927
127	288	5	884363851
280	50	3	891701027
25	50	5	885852150
194	286	1	879520306
346	294	3	886273405
323	286	3	878738826
101	121	4	877137015
398	181	4	875652318
45	100	5	881010742
243	286	4	879986908
315	100	5	879821003
158	286	4	880134261
24	294	3	875246037
144	181	4	888104032
280	181	3	891701248
277	121	2	879544058
311	1	4	884963202
166	300	5	886397723
24	286	5	875323773
368	288	3	889783453
323	300	2	878738827
140	258	3	879013617
76	288	2	878101114
339	181	4	891033898
222	288	4	883815252
63	300	4	875748326
72	121	3	880036048
69	100	5	882072892
142	288	3	888639837
244	181	4	880604302
24	258	4	875245985
27	121	4	891543191
206	294	2	888179694
303	300	1	879466166
72	100	5	880035680
46	181	4	883616254
164	181	5	889401906
234	300	3	891033627
197	286	1	891409255
4	294	5	892004409
212	286	4	879303468
197	258	4	891409255
353	286	5	891402757
352	181	4	884289693
314	288	5	877885887
102	50	4	888801315
112	300	4	884992508
392	258	2	891037531
229	258	2	891632040
231	121	4	879966609
378	288	3	880043804
367	100	5	876689878
209	50	5	883417589
144	300	3	888103370
177	100	5	880130600
30	294	4	875140648
70	121	3	884148728
103	50	5	880416864
121	294	4	891389522
238	121	4	883576443
248	294	3	884534379
109	294	4	880562908
125	1	4	879454699
308	181	4	887739095
215	258	3	891434563
284	286	4	885328727
299	181	3	877877479
286	1	4	876521699
83	1	4	880306903
130	286	5	874953239
279	121	4	875297708
268	258	2	876513675
220	286	5	881197663
292	300	4	877628139
342	100	5	874984207
387	288	3	886484385
347	286	3	881652054
163	286	3	891219977
389	100	5	879915701
56	294	4	892676056
274	294	3	878944379
282	294	4	879949525
345	100	5	884902317
301	1	4	882074345
11	300	3	891902092
16	300	5	877717078
377	100	3	891298589
184	286	4	889906905
83	181	4	880306786
398	50	5	875652927
379	50	4	880525400
409	50	5	881107281
178	181	5	882823832
57	100	5	883698581
151	121	5	879525054
386	50	4	877654961
139	286	4	879537844
407	50	4	875045268
403	121	5	879786221
113	286	4	875325377
146	300	3	891457943
7	121	5	891352904
101	50	4	877135944
196	286	5	881250949
369	181	5	889428642
409	288	1	881104647
393	294	4	887742145
255	288	4	883216185
152	286	5	875562268
294	300	4	877818861
265	258	4	875320024
136	100	5	882693338
201	50	4	884114471
4	288	4	892001445
410	300	3	888626538
345	1	3	884990938
283	288	2	879297867
276	288	4	874786392
99	288	4	885678247
126	288	4	887853469
379	294	3	880524363
339	286	5	891032349
400	300	4	885676230
13	294	2	881514683
53	258	4	879442654
203	50	5	880434810
76	121	2	882607017
277	181	3	879543653
73	288	3	888792294
338	294	1	879437576
305	258	4	886308064
199	286	5	883782485
18	1	5	880130802
77	100	3	884732716
322	1	2	887314119
186	100	4	879023115
344	286	3	884813183
296	121	5	884196689
268	181	4	875309486
64	1	4	879366214
390	100	5	879694123
104	288	2	888442140
320	100	4	884748579
302	258	3	879436739
283	50	5	879297134
230	181	4	880485066
327	258	1	887737355
129	258	2	883245452
214	288	3	891542464
224	294	4	888081976
168	100	4	884287362
62	286	3	879372813
66	288	4	883601607
145	100	5	875270458
364	288	4	875931432
45	1	5	881013176
92	288	3	878679005
21	100	5	874951292
247	1	4	893097024
27	100	5	891543129
49	294	1	888065702
328	294	3	885044733
239	100	3	889179131
223	294	4	891548859
24	100	5	875323637
62	181	4	879372418
329	181	4	891655741
120	286	5	889489943
43	181	4	875975211
356	300	3	891405978
128	50	4	879967268
390	181	4	879694198
102	181	2	888801406
204	1	2	892513979
379	300	3	890464279
200	50	5	884128400
58	50	4	884304328
7	288	4	891350703
374	121	4	880393095
54	50	5	880931687
299	294	2	877618584
311	50	5	884365075
178	294	2	882823301
347	294	1	881652142
361	100	5	879440386
76	286	5	875027206
334	300	3	891544209
40	294	4	889041671
378	258	4	882712421
20	121	3	879668227
309	300	3	877370288
213	121	5	878870940
271	1	3	886106038
360	181	4	880355353
8	258	5	879361482
308	100	5	887736797
281	258	2	881200457
41	1	4	890692860
392	286	2	891037385
284	300	3	885329395
130	288	5	874953291
346	121	4	874948703
96	50	5	884402977
4	50	5	892003526
274	1	4	878945466
249	300	4	879571489
95	181	4	879193353
416	294	4	876696739
401	294	1	891031621
115	181	4	881172049
21	294	3	874951616
401	50	1	891034050
324	258	4	880575107
301	300	4	882075500
338	100	4	879438196
252	100	5	891456797
362	288	4	885019304
324	300	5	880574827
222	1	4	877563227
48	286	3	879434181
56	258	4	892675999
378	100	4	880044198
15	1	1	879455635
71	50	3	885016784
59	50	5	888205087
159	121	3	880486071
109	121	5	880571741
422	258	4	875129523
102	286	3	883277645
431	286	4	877844062
272	288	4	879454663
193	100	5	889124127
176	50	5	886047879
393	50	5	887743611
404	294	4	883790430
135	258	4	879857575
367	288	5	876689418
427	300	4	879700908
291	294	5	874834481
200	258	4	876041644
224	300	4	888081843
378	121	4	880044763
188	181	3	875072148
227	121	2	879035934
164	121	5	889402203
14	50	5	890881557
94	288	3	885869993
23	1	5	874784615
353	300	3	891402310
119	100	5	874774575
251	181	4	886271733
181	258	3	878961709
210	300	4	887730066
12	50	4	879959044
394	181	4	880886796
112	286	4	884992484
141	1	3	884584753
406	181	5	879445859
222	300	5	877562795
74	121	4	888333428
394	121	4	880888452
48	181	5	879434954
432	50	5	889416012
378	286	5	880043650
381	100	4	892697442
380	181	3	885478391
378	50	4	880045145
207	100	2	875503786
86	288	3	879570218
447	121	5	878855107
133	294	3	890588852
348	100	4	886523207
202	286	1	879726342
395	121	3	883765731
1	100	5	878543541
300	100	3	875650267
254	258	4	887347560
265	300	5	875320024
21	258	4	874950889
321	100	4	879438882
85	286	4	879452259
385	181	1	879439923
385	286	3	879438600
341	288	4	890757686
343	121	2	876407072
330	286	5	876543768
423	258	5	891394747
245	50	4	888513664
26	294	3	891348192
181	288	4	878961173
186	300	5	879022858
359	1	4	886453214
375	300	4	886621795
450	100	4	882374059
114	100	5	881259927
217	121	1	889069944
223	300	3	891548712
178	258	4	882823353
325	286	4	891477597
339	258	3	891033200
329	288	2	891655191
350	286	5	882345337
391	286	4	877398517
19	258	4	885411840
115	50	5	881172049
401	100	4	891032170
226	258	5	883888671
82	294	4	878768327
145	258	4	875269755
278	294	4	891295230
387	294	2	886484413
374	1	4	880392992
221	258	1	875247297
380	1	4	885478218
177	294	4	880130481
406	50	5	879445897
449	286	4	879958444
141	300	5	887424721
10	1	4	877888877
367	258	4	876689364
410	286	4	888627138
291	181	5	874805804
414	100	5	884999439
95	286	5	879193353
320	1	3	884748604
41	181	4	890687175
267	294	3	878970155
409	181	4	881109019
325	100	4	891478504
393	100	1	887744053
238	258	3	883575728
39	300	3	891400280
444	50	5	890247287
49	100	4	888067307
403	258	4	879785703
454	181	3	881959187
160	1	4	876768025
337	121	5	875185664
160	50	4	876767572
251	288	4	886271541
396	1	4	884646346
280	288	5	891700184
183	294	3	891467280
349	288	3	879466118
362	294	3	885019357
129	288	1	883245452
408	258	3	889679857
373	100	3	877100199
213	100	5	878870749
270	181	4	876954036
23	50	4	874784440
335	288	4	891566952
433	50	5	880585885
6	100	5	883599176
339	1	5	891032349
125	50	5	892836362
192	258	5	881366456
414	294	2	884999128
343	100	5	876402668
451	294	5	879012470
34	286	5	888602513
201	100	4	884111485
447	100	5	878854552
270	258	3	876953744
256	121	5	882151123
41	286	4	890685449
303	286	5	879465986
274	181	5	878945365
451	300	4	879012550
46	294	2	883611307
372	286	5	876868994
320	50	4	884749227
351	286	5	879481386
218	100	4	877488692
234	288	3	891033738
310	181	4	879436104
121	181	5	891390014
269	100	5	891446246
391	300	2	877398619
29	294	4	882820730
423	300	3	891394874
207	181	3	877878828
13	258	4	882139327
15	300	4	879455166
438	50	5	879868005
380	300	3	885481179
28	258	5	881955018
456	294	1	881375667
268	288	4	875306477
291	288	5	874805453
461	50	3	885356089
170	288	3	884706012
335	258	1	891566808
194	100	4	879539305
64	300	3	879365314
199	1	1	883782854
137	121	5	881432881
50	288	4	877052008
250	50	5	878089393
304	294	4	884968415
422	1	3	875130063
181	294	2	878961173
363	258	3	891493603
437	50	5	881000958
422	100	4	875129791
447	300	4	878854011
224	286	3	888081843
4	300	5	892001445
81	1	4	876534949
276	258	5	874786337
333	300	4	891044389
299	288	3	877618584
42	1	5	881105633
70	181	4	884064416
357	1	5	878951216
26	1	3	891350625
472	258	5	892790953
397	288	4	882839517
137	181	5	881433015
281	288	4	881200264
327	1	4	887745622
307	286	3	881965984
324	288	5	880575002
175	100	2	877107712
136	286	5	882693234
105	288	4	889214335
119	50	5	874774718
370	294	1	879434229
200	1	5	876042340
27	50	3	891542897
416	258	5	893213549
452	121	5	885816916
26	300	4	891347537
466	181	4	890284857
416	288	5	893213796
275	294	4	876197443
63	258	3	875746809
275	50	4	876198296
389	50	5	879915780
408	300	3	889679857
403	181	4	879785916
202	258	4	879726342
445	121	1	891200233
454	286	3	881958782
24	300	4	875245985
394	288	4	880886919
424	294	5	880858979
373	286	3	877098042
118	288	5	875385386
178	300	5	882823301
81	100	3	876533545
119	294	1	892564313
44	1	4	878341315
445	50	2	891199715
333	294	3	891045496
351	288	3	879481550
295	181	4	879517860
201	288	4	884110887
101	181	4	877137015
270	50	5	876954004
374	100	5	880392873
256	1	5	882150980
447	288	4	878855082
255	100	3	883216358
263	300	3	891297330
379	100	5	880524541
425	288	5	878737512
422	50	4	875129911
168	121	4	884287731
2	258	3	888549961
412	288	4	879716566
115	121	3	881170065
465	50	4	883530778
205	300	3	888284245
204	300	3	892388900
140	294	3	879013651
87	100	5	879876488
422	181	4	875129839
174	1	3	886433898
323	121	3	878739618
60	181	4	883326754
467	50	4	879532385
413	181	5	879969591
125	294	4	892835778
60	121	4	883327664
164	258	5	889401221
258	258	2	885700811
268	100	3	875742316
30	258	5	885941156
157	50	4	886890541
352	100	4	884290428
276	50	5	880913800
484	300	4	887519214
263	100	5	891298453
65	50	5	879217689
159	294	4	884026788
227	288	2	879035072
185	181	4	883524475
411	258	4	892845634
97	1	4	884238911
153	294	2	881370859
304	286	1	884967017
55	181	4	878176237
27	286	3	891543393
7	294	1	892130809
220	300	5	881197663
23	294	1	876785901
151	286	5	879523838
354	100	5	891216656
474	100	5	887915413
205	286	2	888284245
463	100	4	877385237
92	294	3	875640679
85	258	4	882812472
10	50	5	877888545
243	1	4	879987239
408	286	3	889679683
459	181	4	879562939
464	300	4	878354626
222	121	3	877564031
65	294	4	879217320
435	300	2	884130647
141	121	4	884585071
227	294	3	879035431
435	50	5	884132515
444	300	4	891979402
419	286	4	879435190
468	294	3	875279153
68	258	5	876973692
101	1	3	877136039
490	1	3	875427148
213	286	3	878870598
336	121	4	877760441
100	300	4	891375112
293	258	3	888904092
125	258	5	892835624
458	50	2	886396521
242	1	4	879740362
311	300	4	884363831
160	100	5	876767023
146	258	4	891457714
312	1	5	891698832
325	1	2	891478665
446	294	1	879786984
478	50	3	889396509
213	181	4	878870552
250	288	4	878088970
396	288	3	884645648
455	300	4	878585250
434	121	4	886724666
6	50	4	883600842
192	50	4	881367505
460	286	4	882910838
387	50	5	886480108
487	121	4	883444832
84	294	3	883449317
456	1	2	881371548
472	181	5	875978034
368	181	4	889783678
218	294	2	881288574
347	1	4	881652518
470	294	3	879178237
80	100	5	887401453
177	121	2	880131123
32	288	4	883709915
405	50	5	885544947
58	300	4	884388247
287	50	5	875334271
444	100	5	890247385
64	50	5	889737914
286	181	3	875807043
145	300	3	875269755
391	288	3	877398679
442	286	2	883388031
465	300	3	883529601
129	286	5	883243934
21	300	3	874950889
11	258	5	891901696
61	258	4	891206125
360	1	3	880354315
493	121	5	884131690
311	100	1	884963136
364	294	5	875931432
53	121	4	879443329
20	181	4	879667904
408	288	4	889679791
296	100	5	884196489
128	121	4	879968278
135	288	3	879857575
369	50	5	889428642
272	50	4	879454900
359	286	5	886453161
432	258	4	889416657
192	121	2	881368127
214	181	3	891543036
503	181	5	879438319
418	258	5	891282551
493	100	5	884130308
467	288	4	879532804
345	288	3	884901497
203	288	5	880433368
404	258	4	883790181
430	288	4	877225239
438	121	5	879868328
394	50	5	881132876
334	50	5	891544867
123	100	4	879872792
85	100	3	879452693
40	286	2	889041430
339	100	5	891032286
396	300	3	884645550
346	50	5	874947609
479	286	1	879533972
483	181	4	878950971
446	288	2	879786838
166	294	3	886397596
279	181	3	875298494
4	258	5	892001374
414	300	4	884999066
500	294	3	883864578
198	300	2	884204427
264	288	5	886121631
499	181	3	885598827
352	50	5	884289693
151	181	5	879524394
177	50	5	880131216
311	121	4	884366852
239	181	3	889180411
299	300	4	877618619
450	288	3	884097913
149	286	5	883512591
52	121	4	882922382
450	1	4	887835272
203	100	1	880434411
44	100	5	878341196
447	258	5	878853977
298	294	3	884184024
120	258	5	889490124
191	300	4	891560842
383	100	4	891193016
301	181	5	882074291
157	100	5	886890650
90	300	3	891382163
104	258	3	888442249
153	50	1	881371140
396	100	2	884646092
438	181	4	879868005
62	50	5	879372216
324	294	5	880575002
346	300	5	874947380
375	288	4	886621795
468	258	4	875279126
209	286	2	883417458
84	1	2	883452108
475	286	2	891451276
454	258	4	881958402
109	181	5	880563471
154	288	3	879138235
198	1	4	884205081
48	294	3	879434212
497	258	4	878759351
475	100	5	891452276
438	286	2	879867960
23	100	5	874784557
313	258	3	891012852
303	258	4	879465986
194	121	2	879539794
259	121	3	881379128
307	181	5	879283232
68	286	5	876973692
148	50	5	877016805
494	1	3	879541374
271	286	4	885844610
325	50	5	891478140
457	258	5	882392853
351	300	5	879481425
15	50	5	879455606
278	286	5	891295044
525	1	4	881085964
2	1	4	888550871
65	258	3	879216131
262	181	3	879961819
62	1	2	879372813
365	288	5	891303357
365	294	1	891303614
436	288	4	887768445
456	50	4	881373473
259	288	3	874724905
419	181	4	879435807
348	121	5	886523521
19	288	3	885411840
193	300	4	889123039
453	100	5	877552612
497	100	4	878759828
305	121	3	886324898
486	286	2	879873973
371	50	4	877486953
429	258	4	882386096
92	100	5	875640294
241	288	5	887249745
26	181	4	891386369
458	288	3	886394667
180	258	5	877125493
253	300	4	891627724
266	286	4	892256662
459	121	5	879563474
343	1	5	876402668
467	100	5	879532420
425	286	1	878737511
161	181	2	891171848
454	100	4	881959917
506	50	5	878044852
171	258	4	891034801
360	50	4	880354149
70	300	4	884063569
298	1	5	884126061
286	121	3	876522166
509	50	5	883591878
459	1	4	879562960
502	294	3	883702255
509	288	5	883590443
346	181	5	874948332
498	258	2	881955080
214	100	4	891542986
474	181	5	887915511
453	288	4	877562071
96	181	5	884403687
3	288	2	889237026
450	258	4	882216108
120	121	4	889490290
533	50	5	882902988
447	286	2	878855082
407	1	4	876338278
257	181	5	882050131
287	181	3	875333964
454	50	4	881959144
260	288	3	890618476
123	286	5	879809053
340	50	4	884990546
304	300	5	884968415
471	1	4	889827881
239	50	5	889179131
535	1	3	879617663
533	288	2	882901971
345	294	3	884901497
7	100	5	891351082
431	300	4	877844248
221	50	4	875244125
253	100	4	891628122
215	50	5	891436543
334	286	4	891544049
430	286	4	877225174
535	286	2	879617123
435	294	4	884130584
235	181	3	889655360
504	288	5	887831273
297	258	5	874953892
500	1	4	883865021
100	286	3	891375629
517	300	5	892660728
198	121	3	884206330
320	288	4	884748277
215	300	3	891434733
512	1	4	888589126
305	286	4	886307828
194	50	3	879521396
420	288	3	891357271
472	288	5	875977682
278	258	3	891295099
119	300	5	874774286
83	121	4	880306951
346	288	2	886273342
275	1	4	875154310
34	294	1	888602808
88	300	3	891037466
428	300	5	885943713
183	181	2	891463937
443	258	5	883504617
252	1	5	891456989
464	258	5	878354626
456	100	3	881372366
168	294	4	884286862
230	1	5	880484370
249	1	4	879572210
515	288	4	887658604
417	286	5	879646286
486	121	3	879875188
93	1	5	888705321
478	288	5	889388862
45	50	5	881007272
220	294	4	881197663
376	181	4	879454598
521	100	3	884475872
355	286	5	879485423
144	258	4	888103371
433	294	3	880585271
215	288	2	891434563
5	50	4	875635758
487	294	4	883440572
391	294	2	877398619
521	288	3	884475470
276	100	5	874786605
274	100	5	878945404
186	121	2	879023074
514	1	5	875309276
404	300	4	883790749
193	1	4	890859954
81	121	4	876533586
479	50	4	879460160
456	286	3	887165765
104	181	5	888465972
342	286	4	874984002
450	294	4	882370316
144	288	2	888103509
210	181	5	887731082
535	181	4	879617818
522	100	5	876960824
287	121	4	875334494
303	50	5	879466866
174	100	5	886433788
494	50	5	879541246
484	258	5	883402900
9	294	4	886959453
525	300	4	881085217
33	294	3	891964166
363	121	2	891497393
484	1	5	881450058
439	288	3	882892424
511	294	4	890005011
430	100	5	877225570
504	50	3	887831293
7	258	4	892135277
75	294	3	884049758
347	50	5	881652456
59	181	5	888204877
372	100	3	876869388
382	258	2	875945173
464	181	3	878354998
380	286	5	885477802
69	181	5	882072778
161	50	2	891170972
264	286	2	886121691
417	181	3	879646286
54	1	4	880931595
130	181	5	874953621
313	50	5	891013859
250	100	5	878089786
75	1	4	884050018
262	100	3	879962366
116	258	4	876451911
338	1	3	879438143
113	50	5	875076416
453	50	5	877562313
540	100	5	882156948
99	121	3	885679261
551	286	4	892775466
487	288	4	883440572
201	121	2	884114275
505	258	1	888630999
540	50	5	882156948
483	286	3	878950353
262	294	2	879962366
479	288	3	879459836
494	100	5	879541475
465	286	4	883529338
402	50	4	876266741
525	121	4	881085893
551	181	2	892778074
87	181	5	879876194
13	1	3	882140487
472	1	5	892790627
256	288	5	882150122
520	300	4	885168906
219	258	5	889386635
66	50	5	883601236
382	100	4	875945812
541	1	4	883874645
74	258	4	888333194
504	258	5	887831273
400	288	4	885676365
360	286	5	880353526
209	1	5	883460644
239	300	1	889178513
7	286	4	891350703
99	300	4	885678397
121	100	4	891388035
523	50	5	883700186
496	181	5	876064168
510	286	3	887667439
29	300	3	882820897
144	1	4	888104063
417	1	4	879646413
557	294	3	880484929
454	1	3	881959818
537	258	4	886029286
441	288	2	891035056
536	50	5	882318139
554	286	4	876231521
486	300	4	879874388
344	121	3	884899792
479	121	4	879460236
313	1	4	891013436
459	300	4	879561574
202	1	3	879727059
510	294	3	887667681
130	100	3	874953558
29	286	5	882820663
262	288	3	879961374
84	300	4	883449419
188	100	4	875074127
527	50	4	879455706
44	121	4	878346946
579	1	4	880951740
574	300	4	891279012
533	258	4	884007368
166	286	1	886397562
407	100	5	875042905
181	100	3	878962816
296	294	1	884196374
336	100	3	877756934
164	100	5	889401998
277	50	3	879543652
285	100	4	890595636
3	258	2	889237026
347	258	4	881652077
527	181	4	879456464
229	300	2	891632142
125	181	5	879454139
486	258	5	879874064
447	1	3	878854273
137	1	3	881433048
479	181	5	879460028
572	300	4	879449243
407	181	3	875045027
546	286	2	885139580
349	121	2	879465712
247	300	2	893081411
61	300	5	891206407
508	1	5	883777430
346	100	3	874948426
1	1	5	874965758
452	294	2	886148704
485	294	1	891041103
569	1	4	879793399
438	100	4	879868024
347	181	5	881652377
199	100	3	883782807
157	286	5	874813268
402	286	5	876266650
145	294	4	875269871
464	294	4	878354721
250	258	4	878088969
546	288	4	885141260
354	258	4	891180399
416	286	5	893212929
551	121	5	892783411
326	181	4	879875592
416	1	5	893212483
549	50	5	881672199
291	1	5	874834481
518	100	4	876822967
283	294	4	879297013
110	258	4	886987183
454	121	4	888267128
551	50	2	892776336
401	1	2	891032170
64	121	2	889739678
254	181	5	886471151
295	121	4	879518455
282	300	3	879949438
294	121	5	877819714
479	1	5	879459939
530	50	4	883781669
57	181	5	883697352
507	300	5	889964239
532	300	5	888635239
509	300	3	883590800
584	258	4	885774483
339	50	4	891032576
359	121	4	886453373
49	50	1	888067691
378	181	4	880045167
539	50	3	879788136
501	181	4	883347857
71	181	3	877319414
581	50	4	879641698
484	50	5	881254239
150	288	4	878746174
104	294	3	888442404
294	50	5	877819353
592	50	5	882607872
54	181	5	880931358
403	288	4	879785822
314	121	4	877886221
439	300	4	882892424
288	121	2	886893063
15	181	5	879455710
36	288	4	882157227
567	1	3	882426899
28	286	3	881955018
463	50	4	890530818
574	258	5	891278916
401	121	3	891032662
508	181	3	883767047
561	1	2	885807713
474	258	4	887914688
217	50	1	889069684
87	50	5	879876194
576	181	4	887081041
468	181	3	875280041
432	181	5	889416118
550	300	4	883425652
305	181	4	886321799
246	288	5	884922235
488	100	2	891293910
54	288	4	880928957
578	294	3	888957453
390	1	5	879694066
95	121	4	879194114
91	50	5	891439386
162	1	4	877635819
470	288	4	879178216
400	286	4	885676230
332	1	4	887938245
485	288	3	891041171
301	121	4	882075148
417	50	3	879646123
116	288	3	886309812
569	50	5	879793717
498	50	4	881954821
516	181	4	891290566
108	294	4	879879662
47	258	4	879438984
107	286	2	891264266
89	100	5	879441271
575	181	2	878148295
293	50	5	888905519
392	288	4	891037531
476	288	4	883365734
363	1	2	891494563
559	294	1	891035519
46	50	4	883616254
592	288	5	882607528
201	181	2	884112245
601	181	5	876347039
432	100	3	889415895
589	288	5	883352536
311	294	4	884364047
327	100	4	887744513
495	50	5	888632134
314	294	5	877885887
373	181	5	877099178
361	258	3	879440286
360	100	5	880354379
542	288	2	886532149
410	258	2	888626538
378	300	4	889665232
303	100	5	879466420
350	258	3	882347465
158	181	3	880132383
432	121	4	889416312
385	50	1	879440127
69	50	5	882072748
533	286	4	879193088
248	50	5	884535013
293	294	2	888904410
399	50	3	882343040
611	300	5	891636244
528	50	5	886101695
281	294	3	881200643
297	288	3	874955131
416	121	5	893213645
455	1	4	878585685
238	286	5	883575683
382	50	1	875945451
184	121	2	889908026
68	121	1	876974176
394	1	4	880886855
331	286	4	877196089
151	50	5	879525034
416	50	5	893212730
389	181	4	879915806
618	100	4	891308063
336	288	3	877760521
597	300	5	875338983
455	288	2	879110767
560	288	4	879975116
365	100	5	891303901
334	288	3	891544209
120	1	4	889490412
35	258	2	875458941
503	121	3	879438707
2	294	1	888551648
261	288	4	890454087
278	288	5	891295230
206	300	1	888179565
509	258	4	883590526
461	121	2	885355890
580	300	3	884124103
613	258	5	891227365
500	258	4	883864578
37	50	5	880915838
297	1	3	874954425
345	50	5	884992367
474	121	4	887916260
540	1	3	882157126
582	258	4	882960396
291	121	2	874805984
17	286	3	885165619
308	294	3	887736408
110	288	4	886987145
523	181	5	883700186
506	300	3	888178161
422	288	3	875129640
59	288	5	888202787
446	286	3	879787730
231	1	3	879965704
110	294	3	886987540
255	121	2	883216902
82	181	4	876311241
486	181	4	879874482
544	286	4	884795135
594	286	3	875917841
17	294	4	885166209
470	50	5	879178487
560	1	4	879976449
411	50	5	892845604
616	300	4	891224644
188	121	4	875073647
437	288	2	880139533
244	50	5	880604379
588	258	4	890014591
350	50	5	882345502
82	121	4	876311387
623	50	5	891035112
420	100	5	891357104
617	294	1	883788511
66	294	4	883601089
11	286	5	891901606
463	288	1	889943851
560	258	5	879975116
279	294	2	875249117
541	181	5	884046910
548	258	4	891042474
532	121	4	888636374
395	181	5	883764336
524	286	5	884287379
229	288	4	891633028
457	100	5	882393244
459	100	1	879562859
153	258	5	881371336
451	288	5	879012470
379	1	4	883156176
59	1	2	888203053
402	258	4	876266650
479	100	3	879460028
99	1	4	886518459
308	288	4	887736408
411	181	5	892845605
516	50	5	891290565
430	50	4	877225516
128	181	4	879966954
493	50	5	884131553
177	288	5	880130467
614	100	5	879464119
163	300	3	891219977
250	181	4	878089393
182	181	5	885612967
591	286	4	891030956
270	121	4	876954093
126	300	4	887854943
254	1	3	887347350
498	121	2	881962699
533	1	4	879192521
294	100	4	877819265
621	181	5	874965408
441	1	5	891035468
568	286	3	877906547
141	286	4	884584247
414	258	5	884998953
632	288	3	879458977
140	286	5	879013617
624	50	5	879792581
437	181	4	880140466
596	258	3	883539011
249	294	3	879571557
413	300	4	879968959
66	121	3	883601834
3	181	4	889237482
603	100	4	891956776
292	1	4	881104147
52	258	5	882922065
133	300	3	890588577
490	258	2	875427021
630	294	4	885666018
169	300	5	891268491
163	258	4	891219977
620	294	5	889986557
489	294	3	891366748
356	286	3	891405721
533	181	5	879191085
213	258	4	878870226
620	121	5	889987825
637	100	4	882902924
323	258	4	878738826
262	1	3	879962366
418	288	5	891282836
387	121	2	886481228
579	100	4	880952201
487	181	4	883441956
524	100	5	884322047
519	288	4	883248089
209	181	4	883417491
442	100	2	883388325
508	121	2	883767047
82	288	3	876311518
626	288	3	878771243
306	286	4	876503793
517	50	5	892660727
535	121	4	879618123
328	286	5	885044452
510	288	3	887667545
169	258	5	891268552
644	100	4	889076775
320	300	4	884748229
353	258	5	891402757
635	294	3	878878588
631	286	3	888465033
592	258	5	882607476
513	181	5	885062332
615	294	3	879447613
579	288	4	880951346
564	121	4	888730534
430	294	2	877225239
625	258	4	891262561
606	258	4	887058788
452	286	4	876298932
293	286	3	888904265
370	50	4	879434707
483	1	4	878950971
460	258	3	882910637
317	288	4	891446190
268	50	5	875309719
234	181	3	892079373
580	294	4	884124337
14	288	4	876964936
111	258	4	891679692
399	288	3	882340200
324	50	5	880575618
635	300	3	878879107
1	181	5	874965739
493	258	5	884129725
489	286	4	891366571
497	288	2	878759351
74	294	4	888333311
335	300	5	891567029
417	288	3	879647749
506	258	4	884517178
648	288	4	882211654
633	288	2	875324233
603	181	5	891956154
107	288	3	891264432
300	288	4	875649995
634	286	5	877018125
16	1	5	877717833
443	286	5	883504521
221	181	4	875244087
644	300	5	889075967
470	100	4	879178370
26	121	3	891377540
487	300	5	883441026
495	288	4	888633165
13	286	3	881514683
592	1	4	882608021
556	288	4	882135646
450	121	3	882395537
421	100	4	892241422
638	50	4	876694704
563	50	5	880507404
178	50	5	882823857
627	300	4	879529486
567	181	1	882426246
618	50	5	891307175
549	288	4	881672605
606	288	4	877641931
300	300	4	875649995
26	50	4	891386368
526	1	5	885682562
464	286	3	878354626
69	294	2	882027233
274	300	5	878944464
642	50	5	885604280
644	294	4	889076095
381	121	2	892696793
161	100	4	891171127
63	286	4	875746809
588	288	4	890014818
521	258	4	884475503
125	300	5	892835836
378	294	2	880043804
320	121	5	884748733
542	100	4	886532432
500	181	3	883865462
544	258	3	884795135
313	121	4	891015114
653	50	5	878854100
90	286	5	891382267
642	258	3	885601865
354	50	4	891216498
307	1	5	878066938
561	258	2	885806823
344	1	3	884899372
60	50	5	883326566
493	181	5	884130308
582	288	3	882960396
596	288	4	883538847
384	300	4	891273809
400	294	3	885676411
490	286	2	875427021
449	100	5	879958664
587	300	4	892871171
435	121	3	884133284
193	294	1	889123777
547	258	4	891282596
621	300	3	890517589
455	100	4	878585826
654	258	4	887863436
593	100	5	875658824
155	288	3	879370860
217	300	4	889069555
524	181	3	884634731
462	288	5	886365260
501	288	4	883346694
644	50	4	889077247
491	258	4	891189815
496	50	5	876072633
488	258	4	891293606
528	181	5	886812857
460	294	2	882910637
216	100	5	880232597
47	288	2	879439078
617	100	4	883789425
184	50	4	889907396
529	294	4	882535466
590	100	5	879438825
596	294	4	883539079
649	1	5	891440235
380	100	4	885478193
445	100	2	890987569
323	288	3	878738827
448	286	2	891887393
416	181	5	893213019
614	288	2	879463630
498	288	3	881953815
650	50	5	891372232
621	100	5	880227104
280	294	2	891700021
462	300	5	886365260
179	288	5	892151489
638	181	5	876694787
315	286	5	879799301
492	286	4	879969099
582	181	4	882961301
221	286	4	885081264
30	50	3	875061066
299	1	3	877877535
324	1	5	880575412
397	100	5	882839517
84	258	4	883449347
354	286	4	891180445
630	258	3	885666143
655	100	3	888474138
315	121	2	879821300
545	1	5	879901359
517	1	3	892659892
236	181	4	890115933
663	181	4	889493732
409	286	5	881104697
457	50	5	882393620
330	100	4	876544277
589	294	5	883352600
201	258	2	884110667
343	50	5	876402814
552	50	4	879221876
181	300	3	878961227
139	100	5	879538199
657	300	2	884237751
264	100	5	886122261
600	50	4	888451492
541	121	3	883871695
387	258	4	886480818
555	288	3	879962096
644	121	5	889077344
515	258	4	887658676
548	121	5	891415939
569	121	3	879794699
442	288	4	883390048
263	50	5	891300029
653	181	4	878854145
545	181	5	879898644
458	121	1	886395022
82	1	4	876311241
587	288	4	892870992
45	288	3	880996629
658	1	4	875145614
624	258	4	879791792
207	286	2	875504669
518	300	3	876822581
466	294	3	890282986
642	294	5	885601998
673	294	4	888787376
620	288	4	889986452
222	181	4	877563168
619	288	3	885953931
662	50	3	880570142
78	288	4	879633467
217	181	1	889069878
510	258	4	887667465
419	100	5	879435722
561	100	4	885807484
233	100	4	877661294
457	181	4	882393384
460	1	2	882911203
557	288	1	884357600
570	288	2	881262307
203	258	3	880433368
380	258	4	885477742
471	50	3	889827757
194	294	4	879520305
430	181	4	877225484
622	1	3	882590344
531	288	1	887048686
275	121	3	876197678
46	100	4	883616134
677	286	1	889399113
252	286	5	891455263
537	181	2	886031437
190	121	3	891033773
592	100	5	882608182
332	121	5	887916692
659	258	4	891331825
602	50	5	888638460
363	50	5	891495168
429	1	3	882385785
610	294	1	888702795
73	1	2	888626065
153	181	1	881371140
541	50	5	884046910
188	294	2	875071249
481	50	4	885827974
514	258	4	875308674
465	258	5	883529482
581	100	5	879641603
668	258	2	881523929
290	121	4	880475266
388	288	5	886439506
421	50	5	892241294
620	300	3	889986411
389	300	3	879990863
148	181	5	877399135
673	288	4	888787423
347	100	3	881652417
479	258	5	879459552
634	100	4	875728834
326	1	3	879876159
597	50	5	875339876
538	258	3	877095640
662	286	3	880569465
533	100	5	882902988
546	100	3	885140706
510	300	5	887667439
220	258	3	881197771
334	181	4	891544904
503	50	5	879438161
626	294	3	878771243
550	50	5	883425283
372	288	5	876869066
610	288	3	888702795
85	121	2	879453167
521	121	2	884475889
451	286	1	879012343
391	100	4	877399805
607	121	2	883879811
370	181	4	879434832
330	1	5	876544432
121	300	3	891387810
521	50	4	884475799
634	258	4	884980585
674	294	4	887762296
441	294	4	891035211
693	181	3	875483881
201	286	2	884110702
668	294	3	890349076
371	181	3	877486953
321	286	4	879438932
685	286	1	879447443
472	121	5	875978600
89	50	5	879461219
666	258	4	880138999
688	288	5	884153712
435	258	4	884130647
663	286	3	889491515
629	50	5	880117395
697	294	4	882621569
532	1	5	893119335
189	50	5	893263994
582	121	3	882961133
637	294	3	882900888
643	288	4	891445255
626	286	5	878771242
511	288	4	890004795
225	286	4	879539027
672	50	3	879787753
645	286	4	892051844
182	50	5	885613018
470	1	3	879178428
427	258	4	879700792
232	100	5	880062447
622	50	5	882592815
176	286	2	886046979
230	121	4	880484998
323	50	5	878739137
257	286	5	879029516
699	100	4	878882667
349	100	4	879466479
417	258	4	879645999
679	288	4	884312660
322	258	4	887313698
609	258	3	886894677
589	286	3	883352372
514	181	4	875463494
700	181	5	884493523
481	100	4	885828426
620	1	5	889987954
263	1	5	891299207
695	300	1	888805767
246	181	5	884920978
550	288	5	883425979
28	288	5	882826398
582	50	5	882961082
291	100	5	874834481
43	294	5	875975061
64	288	4	879365313
534	294	5	877807461
494	294	4	879540593
184	1	4	889907652
654	50	5	887863323
287	100	5	888177364
579	286	4	880951444
609	288	2	886894677
650	286	3	891369022
682	50	5	888518639
643	181	3	891445476
92	258	4	886440479
550	121	5	883426027
54	100	5	880931595
167	288	3	892737972
426	50	4	879442226
552	286	4	879220564
313	300	4	891012907
619	50	4	885953778
577	1	5	880470282
654	294	3	887863127
235	50	5	889655403
581	181	3	879641787
627	258	4	879529339
337	181	2	875184353
130	294	5	874953337
39	294	4	891400609
605	300	2	879365101
116	181	4	876452523
466	258	4	890284652
478	300	3	889387471
694	300	4	875726453
429	181	5	882384870
592	121	4	882608573
248	1	3	884535744
699	1	3	878882272
643	100	5	891445140
422	286	5	875129523
22	181	5	878887765
101	288	4	877137015
534	1	5	877807718
505	1	3	889333414
505	294	3	888631311
683	286	2	893282977
57	288	4	883696347
533	294	4	879193088
177	258	3	880130379
668	286	4	881523612
592	294	3	882607434
619	258	5	885953622
437	286	2	880139482
527	100	5	879455905
236	100	3	890116402
659	181	3	891384107
112	294	3	884992566
425	1	2	878737873
608	50	1	880403765
499	300	4	882995625
679	181	5	884487279
656	286	1	892318343
526	50	5	885682426
591	100	5	891039565
393	258	4	887741960
628	300	5	880776981
525	288	4	881085217
66	286	1	883601089
580	181	5	884125042
698	50	5	886366101
249	258	5	879571438
660	50	4	891197980
619	300	5	885953684
671	258	5	875386402
391	258	3	877398517
589	300	5	883352600
624	288	4	879791922
638	100	3	876695560
1	50	5	874965954
624	286	5	879791792
655	286	3	887424831
308	50	5	887737431
145	181	5	875270507
561	121	3	885810372
328	181	4	885046244
676	181	5	892686164
644	258	4	889075928
425	100	4	878738853
537	288	2	886028706
678	181	3	879544450
267	100	5	878970427
463	258	5	877387935
230	294	5	880484286
188	288	4	875071195
577	100	4	880470350
684	121	3	875810574
715	181	4	875961816
453	258	4	876191239
637	50	4	882901146
388	300	4	886438122
345	300	3	884900427
583	258	4	879384094
102	258	4	875886337
388	258	5	886439506
589	258	2	883352463
424	288	1	880858924
454	300	4	881958326
691	1	5	875543346
406	1	4	879446107
654	181	3	887863381
727	181	3	883708750
432	1	2	889415983
575	50	2	878148258
560	100	5	879975752
694	50	5	875730386
592	181	3	882608182
502	300	2	883701980
540	294	4	882156617
646	258	3	888528417
274	258	5	878944379
627	121	3	879531397
657	1	3	884239123
545	258	3	879898617
97	100	2	884238778
679	121	2	884488260
702	294	1	885767555
691	294	4	875542868
694	121	5	875726886
634	50	4	877018347
430	258	4	877225570
474	50	5	887915221
332	294	5	887916324
305	1	5	886323153
89	181	4	879441491
170	258	3	884104016
487	1	5	883443504
305	300	3	886307828
594	181	3	874781076
77	1	5	884732808
736	181	2	878708646
720	258	4	891262762
235	1	4	889655571
141	100	4	884584688
705	50	4	883427012
79	258	5	891271308
488	181	4	891376029
100	258	4	891374675
456	121	2	881372052
94	286	4	891724122
151	1	5	879524151
703	294	2	875242281
642	1	5	885603565
742	258	5	881005590
708	1	5	877325375
293	121	3	888905198
422	294	3	875129692
459	258	3	879561574
712	181	5	874729901
338	286	4	879437522
245	300	4	888513026
204	288	3	892389137
169	50	5	891359250
586	181	4	884057344
244	1	4	880604405
343	288	2	876402428
735	1	4	876698796
502	258	2	883701927
520	286	5	885168591
255	300	3	883215358
222	294	3	877562795
238	294	3	883575813
710	300	3	882063407
490	181	4	875427873
310	50	5	879436177
103	181	4	880415875
699	258	5	883278844
179	300	4	892151231
632	181	5	879457016
718	300	5	883348269
735	258	4	876697561
499	50	3	882996761
534	286	3	877807602
113	288	3	875075887
701	100	5	891447139
549	100	4	881672333
719	50	2	879358671
439	121	2	882893768
705	121	5	883427479
595	294	2	886920748
657	286	4	884238002
699	300	3	893140897
546	294	1	885139779
743	288	2	881277690
564	300	4	888718470
49	181	1	888067765
707	286	5	879438988
523	1	5	883701763
538	294	3	877095702
251	300	4	886271472
654	288	3	887863064
441	121	4	891035489
714	181	5	892777876
749	1	4	881602577
58	181	3	884304447
534	121	4	877808002
617	288	1	883788566
465	181	3	883530521
692	100	4	876953482
432	294	4	889416229
345	258	4	884916532
268	294	3	876513675
717	294	3	884641842
309	258	5	877370288
94	121	2	891721815
538	100	4	877109748
750	286	4	879445755
648	181	5	882211066
40	300	3	889041523
24	288	3	875245985
705	1	5	883427101
52	100	4	882922204
260	258	3	890618198
594	50	3	874783018
480	258	3	891207859
388	100	3	886437039
611	286	5	891636244
733	294	2	879536001
717	100	4	884642268
636	1	3	891448229
517	258	5	892660728
60	286	5	883325421
669	300	4	892549238
505	50	3	889334067
276	1	5	874786568
490	50	5	875428765
152	121	5	880149166
655	294	3	887425103
531	286	5	887048741
639	300	3	891238790
602	181	5	888638547
563	181	4	880507374
635	1	4	878879283
714	121	4	892777903
752	286	1	891207940
651	286	4	879348880
139	288	4	879537918
142	294	3	888640054
468	121	4	875280628
595	181	5	886921199
633	121	3	875325168
590	286	5	879439645
554	100	3	876231441
478	1	4	889387931
732	300	4	882589552
646	300	3	888528418
555	121	3	879962551
623	181	5	891032291
608	300	1	880402327
381	1	5	892697394
488	50	4	891293974
757	100	3	888444056
407	258	4	884197027
705	300	5	883426780
557	50	4	881095916
722	300	3	891279945
716	181	4	879793221
758	258	4	880672230
92	1	4	875810511
603	294	4	891956330
72	50	2	880037119
614	294	4	879464507
693	300	2	875481397
484	181	5	881254239
591	300	3	891030956
489	288	4	891366693
329	286	4	891655291
533	300	4	888844557
721	258	3	877135269
537	50	4	886030805
296	50	5	884196469
548	100	5	891044304
442	294	2	883388120
674	288	3	887762296
342	294	3	874984067
537	294	1	886029083
100	294	4	891375313
666	181	2	880139563
721	50	5	877138584
376	288	3	879454598
458	286	4	886396637
634	121	5	877018125
57	258	5	883698581
429	288	3	882387685
680	121	3	876816268
704	50	5	891397262
83	300	3	889050543
175	50	5	877107138
566	288	3	881650627
666	288	3	880138999
624	181	4	879792378
506	294	4	877861414
467	1	4	879532459
655	50	4	887425458
440	300	3	891546785
716	1	5	879793192
302	294	1	879436911
84	286	5	883449271
730	50	4	880310285
636	258	5	891448155
638	121	4	876694995
154	258	3	879138235
733	288	2	879535694
572	121	2	879449610
540	258	4	882156584
482	50	4	887644063
763	1	4	878915559
21	50	3	874951131
755	294	3	882569574
684	181	4	875810999
777	286	2	875979137
655	288	3	887472814
429	50	5	882384553
259	181	4	874809057
474	288	3	887914615
554	294	3	876231229
605	121	1	879429706
465	1	4	883530054
503	286	3	879438191
609	294	2	886895346
749	121	3	878847645
758	288	4	882056007
605	288	5	879365158
761	294	3	876189664
279	288	3	875249102
613	1	4	891227410
587	286	4	892870992
174	286	5	890168158
752	300	3	891208126
676	50	5	892686083
588	1	4	890015684
760	181	3	875666268
580	100	3	884124872
676	1	5	892686188
643	1	5	891445287
562	1	2	879194894
736	50	3	878708579
463	121	3	877385797
663	258	3	889491560
295	100	5	879518080
233	50	3	876021213
758	50	4	884999132
579	258	5	880951444
178	1	4	882823805
158	121	4	880132701
333	100	4	891045666
554	121	4	876232267
677	1	4	889399229
588	121	5	890026154
724	300	3	883757468
257	121	3	882050360
682	181	5	888518639
408	294	5	889680045
710	50	4	882063766
674	50	4	887762584
413	50	5	879969674
539	286	4	879787771
628	288	5	880777096
739	100	5	886825383
743	100	5	881277962
717	286	3	884641644
500	50	3	883864992
630	288	4	885666102
771	258	5	880659323
407	286	4	890687500
783	288	3	884326274
757	50	4	888444056
514	294	3	885180929
316	286	5	880853038
81	288	3	876533229
763	286	4	878914901
553	100	5	879948869
116	50	3	876452443
622	294	3	882589830
13	50	5	882140001
258	286	5	885700778
750	294	4	879445961
241	300	4	887249685
593	50	4	875660009
664	286	4	876523092
43	121	4	883955907
323	294	3	878738827
676	300	4	892685403
253	1	5	891628467
453	181	5	877552612
413	258	4	879968794
439	100	3	882892705
538	181	3	877107700
676	288	1	892685437
630	100	3	885666592
697	1	5	882622481
445	181	2	891199945
774	294	1	888555792
42	294	4	881105296
462	100	4	886365387
452	181	4	886151027
569	286	5	879792991
721	294	3	877137447
708	50	5	877325186
681	288	1	885409810
417	100	3	879646166
614	1	5	879464093
506	181	5	874874676
781	100	5	879634175
380	121	3	885479896
721	300	5	877135806
364	286	5	875931309
417	294	4	879646463
432	300	4	889415763
491	100	5	891186806
545	121	5	879899299
399	121	3	882341403
777	100	1	875979380
373	50	5	877098678
495	181	5	888632180
557	300	4	881095916
562	181	3	879195125
425	121	4	878738813
703	258	4	875242076
798	1	4	875295695
777	1	4	875979431
608	100	4	880403280
143	294	3	888407708
637	1	4	882902924
168	300	5	884287011
55	50	4	878176005
149	300	3	883512715
629	258	4	880116722
93	121	3	888705053
733	121	3	879536723
424	50	3	880859519
294	181	5	877819532
493	288	4	884129823
435	100	3	884131711
803	286	5	880054592
665	181	4	884291936
487	258	5	883440613
186	258	1	879720880
802	294	4	875984637
395	50	5	883763009
758	286	5	880672230
759	300	5	875227686
802	286	2	875984532
371	1	4	877487440
775	286	4	891032741
526	288	4	885681910
290	1	5	880474327
770	1	5	875972219
487	286	2	883439831
132	286	3	891278680
374	50	3	880394367
675	258	3	889488679
605	100	5	879425432
793	121	3	875104193
795	100	5	880555946
663	50	5	889493502
618	1	4	891308063
484	294	4	878060860
781	288	2	879633862
727	294	4	883708087
573	50	4	885843738
397	181	4	885349955
684	1	4	875810928
702	288	1	885767306
706	100	1	880997211
694	181	5	875730386
524	50	4	884634615
706	50	5	880997142
691	50	4	875543191
562	286	4	879194616
469	286	5	879450367
719	121	1	879372253
409	300	3	881104697
171	286	3	891034801
119	181	4	874775406
593	286	5	875660009
763	258	3	878914901
666	300	3	880138702
764	100	4	876242649
56	300	4	892675935
654	100	1	887863436
724	288	4	883757597
458	181	2	886396824
89	1	5	879461219
265	100	5	875320601
775	258	4	891032837
711	50	4	876185648
706	1	4	880997324
174	50	4	886433166
782	288	4	891498079
8	181	4	879362183
456	181	3	881373120
739	286	2	886825020
682	100	3	888517011
748	258	5	879454081
782	294	3	891498381
475	50	5	891627857
756	100	5	874831383
82	286	4	876311004
745	286	1	880123905
355	288	5	879485523
104	50	5	888465972
711	286	4	876185488
468	100	5	875279269
493	300	4	884129725
390	286	4	879693461
752	288	5	891208452
600	181	4	888451491
102	288	2	887051621
751	50	5	889132162
575	294	1	878146447
368	100	4	889783407
492	100	4	879969292
793	294	5	875103584
6	1	4	883599478
812	288	4	877625294
400	258	5	885676316
742	181	3	881335281
500	100	4	883865104
751	100	4	889132252
730	300	3	880309964
555	181	5	879962172
682	294	3	888516841
576	50	4	887081005
570	258	3	881262189
702	300	3	885767461
529	288	4	882535353
63	1	3	875747368
536	121	4	882318820
674	1	4	887762799
794	50	5	891035307
2	300	4	888979197
700	50	5	884493899
236	50	3	890116059
556	294	2	882135855
88	286	5	891037111
489	258	5	891366570
596	181	4	883539431
610	50	4	888702961
513	50	5	885062365
113	258	5	875075887
654	300	5	887863017
648	1	5	882211109
65	1	3	879217290
497	1	4	879309955
43	258	5	875975028
602	121	4	888638434
731	1	2	886184421
678	50	4	879544450
53	50	4	879442978
630	300	4	885665975
681	286	5	885409370
515	286	2	887660131
263	258	3	891296969
497	181	5	879310580
234	286	3	891033314
612	300	4	875324266
598	258	5	886711452
318	100	5	884470896
703	50	5	875242813
487	50	4	883442018
327	286	2	887737328
367	50	5	876689696
378	1	4	880044251
655	1	2	887650876
804	121	4	879442377
392	294	4	891037561
814	100	4	885410957
658	181	3	875145614
395	1	5	883765062
761	181	5	876190072
359	181	5	886453305
768	50	4	883834705
835	1	3	891033420
625	181	4	891262633
725	258	4	876106729
751	181	5	889132397
770	300	5	875971612
768	1	5	883835025
695	288	4	888806120
653	300	4	889151716
2	100	5	888552084
714	50	5	892777876
770	181	3	875972219
561	181	3	885807318
94	181	4	885872942
619	294	1	885953684
487	100	5	883442105
529	286	4	882534996
566	100	5	881649548
42	50	5	881107178
78	294	3	879633495
406	121	5	879540199
659	50	3	891044882
750	300	3	879446013
402	1	5	876266860
759	258	4	875227686
532	181	5	889235367
119	286	5	874774286
529	258	4	882535091
680	100	3	877075214
428	286	3	885943980
5	121	4	875635189
808	294	5	883949986
825	294	4	880755305
630	50	3	885666536
637	286	5	882900888
816	258	3	891711378
767	100	5	891462560
301	50	5	882074647
740	288	4	879523187
799	50	4	879254077
516	286	5	891290565
743	300	4	881277267
605	286	4	879365101
476	300	5	883365561
827	258	3	882201175
802	300	4	875986155
833	121	1	875133458
732	286	5	882589593
832	181	3	888260089
650	288	3	891369889
552	288	2	879221267
435	1	5	884131712
134	1	5	891732756
198	50	5	884204919
520	100	4	885170394
699	181	3	878882082
817	1	4	874815835
532	100	5	893119335
797	50	5	879439314
761	1	1	876190094
17	100	4	885272520
564	50	4	888730974
288	294	2	886372841
674	300	3	887762296
806	121	4	882385916
606	100	5	878146986
526	300	2	885682031
634	1	3	875728872
624	294	3	879792109
774	300	2	888555792
109	288	5	880562908
658	50	4	875145750
745	100	5	880122809
727	121	4	883709518
746	181	5	885075166
813	294	1	883752051
551	288	4	892775466
761	50	5	876189795
606	121	4	878148425
501	121	4	883347023
578	258	1	888957735
132	50	3	891278774
550	294	3	883426119
807	1	4	892528231
396	121	5	884646235
554	1	3	876231938
848	294	5	887037669
540	300	3	882156618
749	294	2	878846265
601	258	5	876346344
381	294	5	892698068
830	100	5	891560934
681	258	1	885409516
761	258	4	876189585
629	286	4	880115839
768	288	4	883834705
231	50	4	888605273
758	121	2	881978864
564	181	4	888730974
636	121	5	891449212
831	181	5	891354866
699	121	3	878882366
790	1	3	884461306
761	288	4	876189614
769	258	3	885422650
216	50	4	880232637
834	258	4	890860194
834	100	4	890862311
504	294	2	887912722
653	121	4	878854769
830	288	1	891899475
838	181	5	887063696
758	100	5	881975119
405	288	5	885544635
528	294	3	888520438
796	121	5	892661043
605	294	4	879365219
616	286	5	891224448
668	300	4	881523612
826	50	5	885690525
655	258	2	887650944
397	286	4	882839517
470	181	4	879189434
707	100	5	880059810
55	121	3	878176084
847	288	4	878774722
503	1	5	879438233
621	121	3	880227385
846	258	3	883946284
725	300	4	876106729
721	288	3	877137447
780	300	3	891362937
189	181	3	893264023
746	50	5	885075165
705	286	3	883426747
573	258	4	885843700
423	286	4	891394632
277	258	4	879544145
835	50	4	891035309
715	288	4	875962201
230	100	4	880485856
580	258	5	884124103
862	50	5	879304196
791	50	5	879448338
546	181	5	885140754
486	1	4	879874870
292	50	4	881103977
689	121	5	876676433
632	1	3	879458692
118	258	5	875385386
459	286	4	879561532
725	100	5	876106729
804	1	5	879442661
403	100	5	879785974
623	121	4	891034129
85	50	5	882813248
745	181	2	880122965
569	258	5	879792991
774	258	1	888555792
663	288	4	889491617
682	121	4	888520799
778	121	3	890803561
727	50	4	883708951
825	50	4	880755418
392	50	5	891038110
856	258	4	891489356
857	294	3	883432251
518	121	5	876823804
760	50	3	875666268
841	288	3	889067046
480	294	1	891208058
714	300	5	892778035
234	100	4	892079769
669	258	2	891182622
419	50	5	879435541
773	100	4	888539347
697	300	5	882621431
337	50	5	875184413
676	258	2	892685370
784	286	3	891386988
185	286	4	883523876
560	181	4	879975661
542	121	2	886532381
650	181	4	891371116
650	1	3	891369759
507	121	5	889965997
709	294	3	879847304
864	50	5	877214085
748	50	5	879454428
697	181	4	882621913
831	1	4	891354573
221	121	2	875244813
654	1	4	887863557
770	288	4	875971612
765	286	5	880345862
269	181	2	891448871
788	121	4	880869469
701	50	5	891447197
686	181	4	879547337
744	50	3	881172357
493	1	3	884130416
365	1	4	891303999
824	286	2	877020871
233	121	4	880190627
586	121	5	884062010
858	286	4	879458829
527	286	2	879455354
549	181	4	881672241
811	294	4	886377483
710	1	4	882064377
269	121	1	891451013
709	181	4	879846375
500	300	4	883864749
660	100	3	891198063
821	181	4	874792521
480	100	4	891207715
876	294	4	879428145
476	294	3	883365634
601	288	1	876346515
680	286	4	876815942
443	294	5	883504593
687	288	4	884651576
643	50	4	891445140
791	286	3	879447907
558	286	4	879435828
735	100	2	876698796
655	181	3	887425601
775	300	4	891032956
862	288	5	879302533
444	258	3	890246907
470	286	4	879178216
401	181	3	891032518
789	286	1	880332039
818	286	4	891870222
255	294	2	883215406
753	50	4	891401902
612	1	4	875324876
861	294	3	881274504
741	288	4	891018070
610	1	4	888703157
468	1	5	875280395
296	1	5	884196689
661	300	3	876036477
393	181	4	887743141
496	288	2	876063810
843	288	4	879443544
723	1	3	880499050
168	1	5	884287509
530	100	4	883784058
392	181	5	891038137
16	100	5	877720437
622	100	5	882590252
466	288	4	890284651
569	300	3	879793036
625	286	4	891262561
740	300	4	879523187
92	50	5	875640148
833	50	2	875035718
130	1	5	874953595
51	50	5	883498685
747	50	5	888639060
265	50	2	875320398
841	286	5	889066959
752	294	3	891208261
706	288	3	880996945
488	1	3	891294896
474	286	5	887914646
826	294	4	885689918
872	258	4	888478698
879	300	3	887760802
757	288	4	888443307
69	288	5	882027173
494	286	4	879540508
567	100	1	882425791
717	50	4	884715122
249	181	3	879571998
697	286	4	882621486
621	1	3	880227233
698	294	4	886365733
604	100	5	883668097
483	121	2	878952692
397	50	5	885349955
795	181	4	880557060
665	100	3	884290349
851	50	5	891961663
495	121	5	888633473
806	286	3	882384513
697	121	4	882622066
582	300	3	882960446
799	258	5	879253668
430	300	3	877225239
295	50	5	879517540
665	294	2	884289922
810	294	5	879895233
868	1	4	877103320
588	181	5	890015608
821	100	2	874792285
245	258	4	888513691
678	1	5	879544882
752	258	3	891207898
627	288	3	879529381
791	288	3	879447907
768	300	5	883835026
873	258	3	891392818
119	121	4	874775311
779	181	5	875501734
82	100	5	876311299
127	258	5	884364017
491	286	4	891184567
479	294	3	879459578
669	50	5	891517215
757	181	3	888444314
457	288	4	882392853
652	288	2	882566890
370	100	4	879435369
728	100	5	879443321
811	258	5	886377311
104	286	1	888442304
470	258	4	879178216
791	300	5	879447977
663	1	4	889492679
531	300	4	887048862
149	258	3	883512658
880	50	5	880167175
862	181	5	879305143
514	50	5	875462466
883	50	4	891696824
740	286	5	879523187
424	1	1	880859493
597	1	3	875339723
561	50	3	885807429
561	286	4	885806710
880	181	5	880166719
482	288	3	887644023
294	286	5	877818457
825	286	4	889912073
300	294	3	875649995
779	300	3	875501300
512	258	3	888578768
843	121	3	879444047
653	258	3	886051833
849	288	5	879695056
692	294	3	876946833
830	50	5	891561606
465	100	3	883532119
782	258	4	891497906
669	1	5	892549412
792	100	4	877910822
102	294	2	883277645
772	288	2	889028773
552	294	4	879220688
831	100	4	891354573
782	286	2	891497906
740	294	4	879523187
334	258	4	891544264
632	50	5	879459738
296	181	5	884198772
877	286	2	882675993
477	294	4	875940693
857	300	3	883432251
828	286	4	891033342
850	300	5	883194367
413	286	5	879968793
119	288	4	886175150
268	286	5	875306477
885	1	5	885714990
826	288	3	885689759
756	1	4	874826629
758	294	5	880672523
392	300	2	891037437
192	100	5	881367706
664	50	5	878090415
666	286	5	880138999
860	294	2	880829225
27	288	3	891543129
881	294	3	876535642
867	258	3	880077751
177	181	4	880130931
788	1	3	880867970
844	50	5	877388182
79	1	4	891271870
698	258	3	886365527
768	121	4	883834705
301	294	4	882074408
873	300	4	891392238
824	294	3	877021002
636	100	5	891448228
812	294	5	877625367
637	121	4	882904458
727	1	3	883708660
858	181	2	879460595
424	100	5	880859446
193	121	3	889125913
878	286	4	880865183
879	1	4	887761865
653	294	2	878853618
51	181	5	883498655
745	258	5	880122502
897	1	5	879994113
706	294	4	880996945
399	181	3	882342689
518	288	3	876822581
450	300	4	882216475
890	181	4	882405808
796	1	2	892660251
790	288	4	884460942
626	258	4	878771243
56	50	5	892737154
641	50	3	879370150
793	288	4	875103584
825	258	4	880932625
862	121	5	879304196
789	50	5	880332114
887	1	5	881377972
697	288	2	882621431
171	288	2	891034606
627	100	5	879529702
494	121	4	879541429
746	1	4	885075714
750	288	4	879445808
599	288	4	880950997
647	121	4	876534274
602	1	4	888638547
428	294	4	885943651
634	288	3	875729178
771	1	5	880659449
831	258	2	891354020
279	100	4	875249259
248	121	2	884536206
891	50	4	891638682
721	181	5	877138951
804	181	5	879440947
507	50	5	889965997
390	258	5	879693461
697	50	5	882621913
387	181	4	886479610
830	181	5	891561673
729	288	2	893286261
580	1	3	884125243
794	1	4	891035864
823	286	5	878437499
759	1	5	875227798
902	258	3	879463109
735	286	5	876697561
629	300	4	880115923
427	286	4	879700792
851	258	4	883148669
293	100	4	888904734
898	288	4	888294529
903	100	5	891031203
690	121	3	881179906
907	100	5	880158712
906	100	4	879434846
789	294	3	880332275
193	286	4	889122906
411	1	4	892845604
906	121	4	879435598
409	100	5	881107992
872	1	3	888479151
894	288	3	879896141
275	181	4	876197615
864	294	4	878179381
836	288	1	885753475
863	258	5	889289122
847	258	5	878774722
757	121	2	888444635
742	50	4	881335248
512	286	5	888578937
395	100	4	883765155
309	286	4	877370383
644	181	4	889077189
569	294	2	879793149
377	258	4	891296356
821	1	5	874792813
624	1	4	879792581
863	294	4	889289327
434	288	5	886724797
759	121	5	881476858
502	288	5	883701866
789	181	4	880332437
684	100	4	875810574
650	294	3	891369190
852	181	4	891036414
388	1	5	886436813
46	300	3	883611307
887	181	5	881378040
587	294	3	892871197
905	258	3	884982806
622	121	1	882590955
738	181	4	875348856
520	294	3	885170330
449	288	3	879959082
537	100	4	886029692
38	288	5	892428188
294	258	3	877818457
744	1	4	881171926
881	50	3	876535927
25	1	5	885853415
466	50	5	890284819
869	181	3	884490825
681	294	5	885409938
916	100	5	880843288
882	294	4	879860936
796	181	5	892660177
606	294	2	880923349
339	121	3	891035454
716	50	5	879793192
711	288	1	879991364
871	50	5	888193275
788	258	4	880867855
809	286	4	891036809
692	300	4	876953340
438	1	4	879868096
362	300	5	885019304
479	300	2	879459641
910	100	4	880821098
870	181	4	875680119
629	294	3	880115922
222	258	5	877562748
908	288	4	879722097
258	294	4	885700898
44	50	5	878341246
883	1	3	891914583
624	300	4	879792132
187	300	4	879464783
447	294	4	878855082
839	286	4	875751411
467	258	2	879532164
318	121	1	884495052
831	50	5	891354900
832	294	4	888259121
844	258	4	877381147
285	258	2	890595408
831	300	3	891354191
866	300	1	891220881
658	100	4	875145493
931	50	3	891036715
391	50	4	877399588
781	258	2	879633862
801	294	5	890332748
751	300	2	887134622
374	288	4	885107876
285	300	4	890595584
846	50	5	883948003
927	294	5	879199250
595	258	4	886920602
915	288	2	891031450
652	294	2	882566890
673	258	2	888786969
651	294	1	879348880
909	286	4	891919160
771	294	4	886640547
877	300	3	882676366
921	1	3	879379601
790	181	4	884461283
455	121	4	878585685
198	181	4	884205050
868	121	2	877111542
783	258	4	884326348
682	258	3	888516814
468	50	5	875280352
306	258	2	876503793
725	181	4	876106206
216	1	4	880232615
226	286	4	883888600
553	181	4	879948695
82	50	5	876311146
71	286	4	877319080
247	121	4	893081396
11	121	3	891902745
934	50	5	891189363
138	1	4	879023031
228	286	5	889387172
903	181	4	891031309
38	294	5	892428584
893	294	3	874827789
730	258	5	880309940
772	300	4	877533731
35	300	5	875458970
374	294	2	880392193
878	181	3	880865770
295	1	4	879517580
461	258	4	885355735
853	258	3	879364883
815	50	5	878691739
773	258	5	888538143
935	100	3	884472110
548	181	4	891043008
256	50	4	882164443
706	181	4	880997105
860	300	4	874967063
789	1	3	880332089
593	288	4	877728878
859	294	3	885775218
433	286	5	880585068
903	288	4	891031105
753	294	5	891399737
551	294	4	892775824
905	300	4	884983556
128	258	2	879966299
566	181	2	881649985
801	288	5	890332820
902	50	5	879464726
183	121	3	891463809
544	288	2	884795135
379	286	4	880524329
707	294	2	879438988
401	286	2	891031464
915	300	3	891031477
850	121	5	883195055
890	258	3	882404055
616	288	4	891224676
926	286	4	888636202
815	181	5	878691844
452	100	5	885544109
424	286	4	880858792
872	288	5	888478743
693	121	2	875483564
853	300	5	879364744
298	50	5	884125578
764	121	5	876244991
450	50	5	882371415
327	181	4	887745537
445	300	1	890987410
812	286	2	877625109
895	181	5	879437950
886	1	4	876031433
655	300	3	887476919
303	1	5	879466966
665	50	4	884290432
917	50	3	882910915
820	288	5	887954934
357	121	5	878951576
336	1	3	877759342
893	1	5	874827725
720	286	5	891262635
550	1	3	883425913
792	1	4	877910822
395	286	4	883762088
910	288	3	884229224
869	50	4	884490892
13	288	1	882396790
930	121	4	879535392
511	300	4	890004658
619	181	4	885953778
851	121	4	874728565
823	1	4	878438206
801	300	5	890332748
661	181	5	876015607
834	288	5	890860566
791	181	5	879448338
764	294	3	876233213
298	121	4	884126202
58	121	2	892242300
623	286	2	891032107
222	100	5	877563052
887	258	1	881377893
807	121	4	892529278
838	300	2	887060778
500	121	3	883865611
595	288	3	886920602
711	121	1	876185726
776	50	5	891628977
450	181	4	882372103
919	50	3	875288570
190	100	4	891033653
773	1	3	888539232
418	300	3	891282656
689	50	5	876676397
637	181	4	882902540
713	286	3	888881939
838	100	4	887063994
924	300	2	884337243
873	294	4	891392303
908	181	3	879722754
444	286	2	890246847
430	121	2	877225832
574	100	5	891279712
832	258	3	888258960
567	50	1	882426246
456	258	4	887165802
841	300	4	889066780
829	100	4	881086893
356	294	1	891406076
512	50	5	888579997
921	288	3	879379265
875	181	4	876465335
896	1	4	887158579
566	121	3	881650755
116	300	3	876452094
898	300	2	888294375
526	294	3	885681982
864	1	5	877214125
756	181	4	874831383
283	100	4	879297160
921	181	5	879379562
939	258	4	880260692
907	181	4	880158692
64	258	3	879365313
715	1	5	875961843
796	258	4	892611840
474	294	3	887916330
535	100	5	879617531
940	181	3	885921310
290	181	5	880473696
878	50	4	880865562
844	300	3	877381268
834	50	5	890862362
15	121	3	879456168
366	288	4	888857598
867	50	5	880078027
831	288	1	891354043
708	300	4	892718939
457	121	4	882393066
414	288	5	884999066
913	1	2	880758579
796	50	5	892660147
850	181	5	883195419
350	181	4	882346720
837	286	4	875721473
703	181	5	875242762
485	286	2	891040897
725	286	5	876106729
431	294	5	877844377
756	258	3	874826502
460	100	5	882912418
9	50	5	886960055
748	181	4	879454455
643	121	4	891445741
868	50	5	877103449
480	50	4	891207951
749	100	3	878849052
756	121	3	874829152
344	50	5	884814401
650	121	3	891369836
525	100	4	881086108
500	286	1	883864527
844	181	5	877388183
900	121	2	877832803
724	286	1	883758268
329	50	4	891655812
551	100	4	892776486
878	100	2	880865661
666	121	3	880313603
753	286	3	891399477
143	286	2	888407586
863	288	4	889288911
134	294	4	891732365
515	300	5	887658975
657	294	5	884238247
292	181	4	881104068
43	100	4	875975656
618	288	3	891307343
458	1	4	886394423
881	100	4	876536414
919	286	4	885059400
624	100	5	879792581
760	288	4	875665867
488	294	4	891293606
806	50	5	882385200
836	258	4	885753475
884	300	1	876857789
886	288	4	876031122
909	300	5	891919232
550	181	5	883425283
683	300	3	893283728
227	100	5	879035251
625	100	3	891878363
786	121	2	882842416
854	288	5	882814571
490	100	3	875427629
802	258	5	875984532
741	121	2	891455766
660	294	3	891197701
742	1	4	881335281
671	50	5	875388719
649	50	4	891440235
920	300	3	884220058
578	288	3	887229335
526	121	2	885682590
800	300	4	887646980
755	288	1	882569771
231	300	4	888605273
249	50	4	879571695
552	181	3	879221399
448	258	4	891887440
796	286	2	892610876
923	181	5	880387363
540	181	4	882157060
846	294	3	883946477
816	288	4	891710724
830	1	4	891560596
130	300	5	874953239
867	181	5	880078050
733	1	2	879535129
380	50	4	885478497
931	121	2	891036604
621	50	5	874965407
881	286	2	876961961
253	121	5	891628142
518	1	4	876823143
185	50	4	883525998
293	1	2	888904861
463	1	1	890453075
864	100	5	877214125
847	121	3	878775523
537	121	1	886030380
630	1	4	885666779
455	50	5	878585826
934	100	4	891189511
265	288	4	875320024
548	286	1	891042194
190	258	3	891033183
717	300	5	884641808
929	1	3	878402162
850	294	5	883194367
387	286	2	886484385
788	100	5	880868277
796	100	3	892611093
618	181	5	891307263
826	181	5	885690526
840	300	3	891204056
884	258	5	876857704
810	288	3	879895233
597	181	4	875340062
854	294	2	882811742
853	288	4	879364822
677	300	5	889398960
515	294	3	887658910
606	181	5	878143047
693	258	4	875481336
714	1	3	892776123
523	258	5	883699583
435	181	5	884132208
679	1	3	884487688
455	181	4	878585826
606	50	5	878142864
432	288	5	889416456
679	294	1	884312763
900	294	4	877832113
152	294	4	880149098
103	294	4	880416515
393	288	3	887741960
289	121	3	876789736
699	50	3	878881875
736	286	4	878709365
437	121	3	881001766
215	181	4	891435597
923	288	5	880386897
795	121	3	880558035
924	1	5	884371535
671	181	5	875388719
771	181	4	880659653
77	121	2	884733261
127	50	4	884364866
259	294	3	881641699
537	286	3	886028498
661	258	4	876012997
336	294	4	877759103
881	121	5	876536391
526	100	5	885682448
860	286	4	874967063
871	258	5	888192970
483	50	5	878953485
576	294	3	886960098
839	50	5	875751930
544	294	2	884795581
186	294	3	879024099
552	100	4	879221716
324	286	5	880574766
210	1	5	887731052
652	286	3	882567012
608	286	4	880402272
943	181	4	875409978
690	294	3	881177237
18	100	5	880130065
809	258	3	891036903
808	286	4	883949560
892	100	5	886607642
297	181	4	875410178
939	121	5	880261373
722	100	4	891280894
924	121	4	886760071
825	181	4	880756224
587	258	4	892871069
625	294	3	891536483
936	181	4	886832596
805	288	1	881695244
628	258	5	880777167
675	286	4	889488431
733	286	4	879535471
790	50	4	884461387
773	121	2	888540163
312	50	5	891698300
649	181	4	891440309
834	294	3	890860159
934	121	3	891189819
660	1	3	891406276
888	286	5	879364981
356	258	5	891406040
121	50	5	891390014
698	1	4	886366815
501	100	4	883347799
730	100	5	880310371
143	288	5	888407586
645	258	3	892051708
898	286	2	888294408
864	181	5	888887984
935	121	4	884472434
708	258	5	892719007
542	181	4	886532359
916	50	5	880843436
25	121	4	885853030
611	288	3	891636073
938	300	3	891350008
494	181	4	879541298
926	300	3	888351623
902	294	2	879463212
835	294	3	891032356
379	181	4	880525368
573	286	3	885843476
679	50	5	884486758
425	294	2	878737512
668	50	5	881605642
865	294	4	880235263
926	288	3	888636202
586	288	4	884057861
880	100	5	880166966
922	50	5	891447447
703	300	4	875242077
902	181	3	879464783
941	181	5	875048887
699	288	3	878881675
764	1	4	876244181
648	121	5	882211654
924	258	3	884336994
806	181	2	882384988
805	1	4	881695527
665	1	4	884290491
303	121	3	879485016
729	300	4	893286638
501	294	3	883346694
630	121	4	885666823
702	258	5	885767306
528	258	4	886812857
58	1	5	884304483
129	300	3	883243934
618	121	4	891308913
892	50	5	886608802
838	286	4	887061035
900	288	2	877832113
880	288	4	880166451
717	288	1	884641717
242	294	4	879740082
840	121	2	891204056
858	100	3	880932746
889	121	4	880177308
601	294	1	876346515
507	288	5	889964020
930	288	1	879534001
569	100	5	879793784
877	258	4	882676234
393	121	4	887744419
87	121	5	879875893
800	294	3	887645970
711	181	4	876185574
927	288	5	879199250
615	100	3	879448693
753	181	3	891402240
310	294	1	879436712
429	100	5	882385807
426	100	4	879442128
931	258	3	891036003
50	100	2	877052400
797	181	5	879439362
639	286	4	891238618
232	294	2	880062259
729	294	2	893286338
941	258	4	875048495
251	1	4	886272009
602	294	5	888637987
570	286	4	881262625
549	1	5	881672182
415	258	4	879439135
232	50	4	880062302
687	300	4	884652089
751	1	3	889132162
755	300	4	882569574
698	100	2	886367809
246	50	5	884920788
436	50	4	887769415
770	258	5	875971568
884	100	5	876858820
787	300	4	888979657
871	121	4	888193275
546	258	4	885139634
924	286	3	884337043
222	50	4	877563194
811	286	5	886376983
693	288	2	883975203
794	181	4	891035957
938	181	5	891356390
663	100	4	889492503
16	286	2	877716993
810	300	5	890083187
574	288	4	891279174
927	300	5	879176156
452	50	5	875264825
665	286	4	884289850
111	286	4	891680076
810	286	4	891293811
727	258	2	883709325
854	50	4	882812102
862	100	5	879304196
497	294	4	878759351
895	50	5	879438062
629	100	5	880116847
735	181	4	876698604
785	1	4	879439137
780	286	4	891362937
797	286	2	879438957
776	181	4	891628916
654	121	4	887863757
818	300	2	891870222
548	50	5	891044304
347	121	3	881652535
701	300	3	891446520
897	50	5	879994113
767	300	4	891462511
223	288	3	891548562
894	121	3	880993662
816	294	5	891711801
875	300	3	876464800
652	300	4	882566890
785	288	3	879438537
596	300	4	883539011
580	286	4	884124750
808	300	4	883949681
57	50	5	883697105
869	294	3	884490151
170	294	3	884705913
852	50	5	891036414
889	300	3	880176620
857	258	5	883432193
328	121	4	885048266
609	1	1	886896185
904	300	4	879735109
387	100	5	886484336
546	50	5	885140368
706	258	4	880997001
61	294	2	891220884
486	288	4	879874153
540	286	4	882156584
5	181	5	875635757
901	181	4	877127128
709	50	5	879846489
144	100	5	888104063
741	181	4	891036681
698	181	3	886366141
903	1	3	891031280
568	100	4	877907281
22	50	5	878887765
742	100	5	881335492
794	286	3	891034156
757	258	5	888443306
708	121	3	877325349
316	100	4	880854083
919	100	5	875288522
765	50	2	880346255
689	300	5	876674606
721	286	5	877137285
674	121	4	887762881
668	288	4	882818604
936	50	4	886832282
703	1	4	875242851
749	258	4	878846265
533	121	4	879192901
805	50	4	879971214
766	50	4	891309053
620	100	1	889987073
808	288	3	883949454
781	181	5	879634318
770	50	3	875971949
655	121	3	887651060
580	50	5	884124927
475	258	1	891451205
549	121	4	881672461
844	121	3	877382055
769	121	4	885423865
673	300	3	888786942
613	50	5	891227365
882	50	5	879867694
84	100	4	883452155
853	294	2	879365035
902	300	4	879463373
123	288	3	879809053
875	50	5	876465370
442	121	2	883390544
743	294	2	881277656
730	181	2	880310465
653	286	4	884405346
360	258	4	880353585
459	50	4	879563064
669	181	5	892549390
42	181	5	881107291
807	181	5	892528954
291	50	5	874805860
806	258	3	882384589
555	258	3	879962096
535	258	5	879619286
597	294	4	875339083
498	181	2	881955014
72	1	4	880035614
779	258	5	875501254
865	121	1	880144024
783	300	4	884326348
784	258	5	891387249
875	258	4	876464694
143	258	3	888407586
112	258	3	884992484
824	288	3	877020927
271	100	5	885847738
854	100	5	882812225
724	258	4	883757537
629	288	4	880116722
723	258	4	880498768
712	50	4	874729750
733	258	3	879535011
106	100	3	881449487
864	286	5	890463283
894	258	4	879896109
673	286	4	888787508
899	50	5	884119794
749	300	4	878846365
442	181	4	883390416
787	258	5	888979605
718	121	4	883348773
210	121	4	887737244
277	100	4	879543421
823	100	5	878437658
940	300	5	884801316
562	50	5	879196445
826	1	4	885690250
314	1	5	877886317
821	121	3	874792752
552	121	4	879222698
649	121	2	891440214
2	288	3	888550252
716	121	5	879794116
45	181	4	881010742
555	50	5	879962152
185	258	4	883526267
133	286	2	890588524
68	181	5	876973884
766	181	4	891309177
650	100	4	891369954
891	286	5	891638433
504	181	3	887831773
883	286	3	891691654
15	258	3	879455473
889	50	4	880176807
200	288	5	884125846
425	181	4	878738435
595	50	5	886921112
773	181	5	888540020
727	100	2	883708830
896	50	5	887159211
837	294	4	875721502
481	181	5	885827974
835	288	2	891032224
703	288	4	875242076
819	300	5	879952538
763	100	5	878915958
916	1	4	880843361
288	258	4	886372882
354	181	4	891216656
616	258	4	891224676
811	300	5	886377373
832	286	3	888258806
620	181	4	889988146
151	258	5	879523838
663	121	4	889493182
595	121	2	886921550
826	258	4	885689759
491	294	2	891189842
586	50	4	884057387
503	100	5	879438346
933	1	3	874854294
684	50	4	875810897
343	286	4	876402390
461	294	3	885355805
937	300	4	876768813
837	258	4	875721473
868	181	5	877103280
387	1	4	886480681
833	100	4	875036169
887	294	5	881378219
398	100	3	875652816
630	181	3	885666650
297	294	3	874953948
790	294	2	884460878
797	300	2	879439031
880	258	4	880166499
792	121	4	877910412
625	121	3	891273698
108	1	4	879879720
445	288	2	891035830
601	121	2	876347267
472	294	4	875977735
780	294	3	891363259
849	121	5	879695086
628	294	4	880777167
788	286	5	880867372
642	288	1	885604085
178	100	4	882823758
763	50	4	878914968
601	50	5	876346810
389	1	4	879915860
271	181	5	885848707
47	286	3	879438984
236	294	2	890116895
798	258	4	875286981
799	286	5	879253668
839	121	3	875752237
698	300	4	886365577
853	286	3	879364668
798	121	5	875295930
848	181	5	887046674
553	1	3	879949153
580	121	4	884125457
786	181	4	882841955
182	1	4	885613092
896	121	3	887159343
464	288	4	878354626
942	50	5	891282816
781	286	1	879633495
741	50	5	891018339
390	300	5	879693770
817	258	3	874815541
447	181	5	878854520
756	50	4	874828592
735	288	4	876697610
921	121	5	879379736
839	258	4	875751411
488	286	1	891292852
659	294	4	891044849
241	286	5	887249482
919	1	4	875289321
835	286	3	891032224
313	181	4	891014782
113	300	3	875075887
569	288	3	879793228
132	100	4	891278744
676	294	4	892685591
890	50	5	882405807
494	300	5	879540593
633	50	4	875326664
403	1	4	879785974
873	286	2	891392091
406	100	4	879446062
678	100	5	879544750
687	294	3	884651894
843	258	4	879442947
661	1	5	876016545
840	50	4	891203366
359	50	5	886453271
829	294	2	881707829
677	294	5	885191227
504	121	4	887831642
887	288	4	881378040
696	286	5	886403578
722	294	2	891280219
580	288	5	884125658
704	300	2	891396674
126	286	3	887853469
593	121	4	875660036
218	288	2	877487931
735	50	5	876698683
155	300	2	879370963
388	294	4	886439561
793	100	4	875104031
459	294	5	879561755
732	288	4	882590200
815	1	5	878691975
899	121	5	884120164
773	288	2	888538199
779	121	3	875503280
709	121	4	879848475
736	294	3	878709025
624	121	3	879793156
716	294	4	879793653
447	50	5	878854552
556	286	4	882135437
843	50	3	879444670
850	50	5	883195143
91	300	4	891438004
730	294	4	880309996
334	121	3	891545067
548	300	5	891044304
91	294	3	891438288
428	288	4	885943847
893	258	3	874827508
901	121	4	877127219
840	100	5	891203166
301	258	4	882074363
784	300	4	891386988
560	121	3	879976705
188	50	4	875072741
854	1	3	882812225
746	121	3	885075337
240	286	5	885775625
671	288	5	883950232
863	300	5	889289157
943	121	3	875502096
888	100	4	879365004
505	181	3	889333974
838	258	5	887060659
829	286	4	891204271
931	300	5	891037521
747	288	4	888638091
331	1	1	877196567
23	181	4	874784337
877	288	3	882675993
619	121	5	885953805
146	294	1	891457668
890	1	4	882402975
883	100	4	891717462
802	288	3	875984637
755	258	5	882569732
699	286	3	880695246
861	286	4	881274504
827	294	4	882807611
745	50	2	880122928
871	300	4	888192971
827	288	3	882204460
764	50	3	876242649
662	100	5	880571006
517	294	1	892607194
870	288	4	875050370
714	258	4	892777903
124	1	3	890287733
329	294	2	891655383
144	294	4	888103573
647	300	4	876534131
867	286	5	880077721
714	100	1	892775786
738	50	5	892844112
815	258	4	884320310
892	121	4	886609829
404	286	1	883790181
646	294	2	888528870
783	286	3	884326274
450	286	4	882215617
437	100	4	880140051
823	294	3	878439981
882	1	5	879864558
806	288	3	882384554
779	1	4	875501555
460	288	2	882910678
39	288	5	891400704
468	286	4	875279126
205	294	3	888284402
742	294	3	881005590
327	121	2	887822530
631	288	3	888464916
760	300	1	875665867
738	258	4	875348442
634	294	4	876170101
542	1	4	886532534
680	50	5	876816310
916	181	4	880843401
572	286	4	879449179
930	300	4	879535392
852	1	4	891036457
605	1	4	879365748
399	1	4	882340657
99	294	4	885678453
937	258	4	876762200
747	286	4	888638335
771	286	2	880659235
294	1	5	877819634
922	294	4	891447296
663	300	4	889491655
553	50	4	879948732
457	294	2	882393514
839	100	3	875751991
694	100	4	875727640
301	288	4	882074291
608	288	5	880402982
758	181	4	880672747
904	288	4	879735109
937	286	4	876762200
770	294	3	875971655
679	100	3	884487089
940	286	3	884800898
547	294	1	891282757
940	294	4	884801316
872	300	5	888478766
168	181	4	884287298
603	50	5	891955922
677	288	5	885191166
931	286	5	891037521
923	100	5	880387474
554	50	4	876550778
870	1	5	889717102
870	258	4	886883539
907	286	5	880158316
870	50	3	875050865
774	121	1	888558565
907	294	4	880158502
722	286	4	891280046
384	258	4	891273683
899	258	5	884119973
592	286	5	882607356
905	294	3	884983556
905	100	4	884983888
277	1	4	879544145
467	181	3	879532420
259	286	4	874724727
690	1	4	881179631
598	286	5	886711452
712	294	4	876251330
936	258	3	886831374
383	286	5	891192186
891	100	5	891638433
879	294	3	887760951
804	50	4	879440912
843	181	3	879444670
894	300	4	879896466
608	294	3	880402450
803	300	3	880054629
429	121	3	882386145
601	100	4	876346757
462	181	4	886365443
926	258	4	888636202
880	121	2	880167030
846	288	4	883946837
680	294	4	876816043
689	181	5	876674861
423	100	5	891395448
328	50	4	885045702
725	288	3	876103725
773	50	5	888539993
537	1	2	886029889
297	100	5	874954183
942	258	4	891282438
265	294	4	875320052
838	1	5	887064024
928	288	3	880935738
917	100	4	882910830
104	121	2	888466002
558	100	5	879436396
343	258	5	876402390
836	286	3	885753435
466	300	3	890282795
717	121	2	884642762
773	286	3	888538269
197	50	5	891409839
887	121	5	881378370
896	181	5	887158829
412	1	4	879716962
632	100	3	879457603
170	300	5	884103732
904	181	3	879735362
734	288	4	891022311
856	294	4	891489502
830	294	3	891464054
18	50	4	880130155
890	286	5	882402181
32	50	4	883717521
566	50	2	881650063
825	121	5	880756076
653	1	4	878855383
653	100	4	878854666
358	258	4	891269077
844	294	2	877381206
484	121	4	881449910
440	258	4	891547637
922	181	5	891449122
847	1	3	878775523
645	50	4	892054824
498	100	3	881955291
879	181	4	887761088
625	300	3	891262561
933	181	2	874854100
825	100	4	880755942
856	286	4	891489299
762	286	4	878718810
552	258	4	879220564
833	181	2	875036321
20	50	3	879667937
743	258	5	881277357
534	288	4	877807429
782	181	3	891499213
2	286	4	888549960
577	50	4	880474394
716	300	5	879792599
46	286	5	883611352
781	294	1	879633862
526	181	4	885682448
405	181	5	885547909
285	286	3	890595584
823	181	4	878438260
395	300	3	883762362
683	288	3	893286259
572	100	3	879449632
854	258	4	882811810
936	286	5	886833794
361	121	2	879441324
514	100	4	875318163
201	1	3	884113635
486	50	5	879874582
870	286	4	875050332
666	294	3	880139037
173	258	4	877556625
827	300	3	882201725
886	100	4	876032187
606	1	5	878148365
435	288	4	884130605
505	121	4	889334004
486	100	5	879875465
273	286	3	891292761
582	100	5	882960863
807	300	5	892527168
847	181	4	878775821
823	50	5	878438435
782	300	4	891497906
710	181	3	882064160
318	294	4	884469971
887	100	2	881377854
881	1	4	876535796
880	300	3	880166451
160	288	5	876771285
769	1	4	885423720
759	50	4	881476824
876	288	3	879428101
865	100	4	880143232
544	300	4	884795612
738	121	4	875353780
897	294	3	879988800
774	100	1	888558731
579	50	5	880951984
929	100	4	878402162
648	294	3	884366184
879	50	4	887761865
682	300	2	888518320
831	294	4	891354043
482	286	3	887644023
663	294	3	889491811
661	294	4	876036384
637	300	3	882900888
130	258	4	874953526
7	50	5	891351042
872	121	4	888479206
176	181	3	886047879
234	258	2	891033627
631	294	3	888465155
940	50	4	885921542
664	1	4	878090087
869	100	5	884493279
452	288	2	876298593
385	100	4	879440098
789	100	5	880332089
489	300	5	891366571
918	1	3	891987059
351	258	5	879481386
576	1	4	886985079
856	300	4	891489386
647	294	3	876532501
680	1	4	876816224
906	300	3	879434378
793	181	4	875103810
751	121	4	889135401
922	288	2	891445064
536	1	5	882318394
793	50	5	875103942
938	50	5	891356314
748	286	3	879454107
848	121	4	887043266
660	181	4	891197998
417	121	3	879646591
123	294	1	879809529
786	286	4	882841571
910	300	4	881420194
703	121	5	875243049
817	300	3	874815542
805	100	5	881695196
903	121	3	891031487
889	1	3	880177104
57	1	5	883698581
919	300	4	875288164
393	1	3	887743611
875	288	4	876464755
882	181	5	879867430
659	121	4	891331301
344	100	5	886382272
704	286	5	891397015
521	1	2	884475825
328	300	5	885044640
551	300	4	892775687
550	258	5	883425409
935	286	5	884471835
745	1	2	880122809
787	294	3	888979606
256	100	4	882150313
95	294	2	884266083
891	121	4	883490041
932	100	5	891249586
671	121	4	875389187
614	121	4	879464398
726	1	4	890079166
843	300	3	879442947
924	288	3	886065748
871	286	3	888193136
534	300	4	877807486
247	100	3	893081395
625	50	5	891273543
910	50	5	880822060
814	288	4	885410789
709	288	5	879847945
885	100	3	885712944
916	286	4	880843062
770	100	5	875971949
900	100	4	877832904
897	181	3	879990622
614	286	2	879464507
261	300	5	890454310
615	286	4	879447500
796	294	3	892611979
32	181	4	883717628
513	258	4	885062286
832	288	3	888259984
607	100	4	883879316
894	50	4	880416008
620	50	4	889988121
930	286	3	879533975
595	100	4	886921112
737	258	5	884315127
486	294	2	879874187
834	286	4	890860566
583	286	4	879384052
642	121	5	885842289
901	50	4	877126576
798	50	5	875295810
867	1	4	880078521
70	1	4	884065277
796	300	4	892611903
583	100	5	879384404
419	1	4	879435590
535	300	3	879617199
852	121	4	891036901
281	300	4	881200643
936	300	3	886831501
612	100	4	875324790
332	50	5	887916675
774	181	3	888557236
927	121	5	879199250
732	294	3	882590201
726	294	5	889828701
263	181	4	891299448
724	294	4	883757726
344	258	3	884814359
394	294	4	880886919
943	100	5	875501725
10	286	4	877886162
922	1	5	891448551
790	121	3	884461657
860	100	4	885991075
632	258	4	879459777
781	50	5	879634362
874	100	4	888632411
247	181	4	893081396
441	100	3	891035441
488	288	2	891292682
728	286	3	879442532
328	258	5	885044482
141	294	4	884584247
817	294	4	874815593
147	286	5	885594040
938	121	5	891356895
312	181	4	891699426
623	258	4	891032358
908	50	4	879722397
848	50	5	887038397
19	294	3	885412034
885	50	3	885712252
472	100	5	875978534
482	294	4	887643365
420	286	4	891356790
424	258	2	880858792
247	258	5	893097024
894	1	4	880416286
870	100	4	889717102
871	181	3	888193335
588	286	4	890014710
859	288	4	885776056
33	288	4	891964066
840	181	3	891204056
425	258	2	878737511
158	294	1	880132193
66	300	5	883601089
21	286	3	874950889
754	286	3	879450947
710	286	4	882063223
686	50	4	879545413
805	258	3	879971215
795	50	3	880557114
266	100	5	892257865
599	1	4	880951657
800	121	4	887646423
509	181	4	883591826
910	1	4	880822060
807	50	5	892529076
374	181	3	880392846
920	288	3	884219768
183	50	2	891467546
482	258	2	887644023
676	286	4	892685252
889	294	3	880176686
829	1	4	891990554
650	258	3	891368960
425	50	5	878738335
213	288	4	878870226
656	300	2	892318614
446	300	3	879787149
815	121	2	878692344
499	258	2	885598932
863	286	5	889289191
940	100	3	885921471
678	300	4	879544295
786	50	4	882844295
937	50	5	876769374
887	50	5	881377758
829	258	3	886993238
704	100	4	891397491
906	286	5	879434335
74	300	3	888333194
63	294	2	875747047
395	288	2	886481149
738	1	5	892844079
901	1	5	877129870
429	300	3	882385168
529	300	4	882535049
571	181	4	883354940
710	100	4	882063920
913	100	3	880824823
783	294	3	884326506
666	50	3	880313447
666	100	4	880313310
719	294	2	877311109
648	286	1	882210926
448	288	1	891887161
872	294	3	888478882
748	300	4	879454172
463	286	4	877387935
846	181	5	883947694
267	181	5	878974783
588	50	5	890024427
585	286	4	891281385
413	100	4	879969535
897	121	5	879993376
795	1	4	883767204
828	288	3	891034237
115	100	5	881171982
889	258	4	880176550
665	121	2	884290480
843	1	3	879446186
895	294	4	879437727
818	258	4	891870301
180	181	2	877125956
44	181	4	878341290
513	121	5	885062602
940	258	5	884801316
596	50	5	883539402
938	288	5	891354203
790	258	3	884461387
922	258	4	891454681
719	300	2	888449132
864	258	5	877214042
33	300	4	891964131
672	181	3	879788708
102	1	3	883748352
907	50	4	880158692
787	286	3	888979007
406	294	3	879445250
424	300	2	880859199
936	121	4	886832544
919	294	3	875288304
899	181	3	884119877
582	294	1	882960396
933	50	4	874854383
596	286	4	883538815
598	300	4	886710671
455	258	5	878585250
588	100	1	890015374
882	121	4	879861739
820	286	4	887954853
757	1	4	888443974
882	258	3	879860936
930	1	3	879534525
834	300	3	890860334
288	100	5	886629749
834	181	5	890862526
464	50	4	878354966
935	300	4	884471955
95	50	5	879197329
841	258	5	889067076
779	294	5	875501334
798	181	5	875295772
41	50	5	890687066
545	50	5	879898644
577	294	4	880469903
645	288	3	892051741
109	50	5	880563331
307	121	1	879114143
504	100	5	887831486
578	300	4	887229386
738	100	2	875349968
817	288	4	874815593
162	294	3	877634955
838	121	2	887064248
715	50	5	875961998
772	294	4	877533625
938	258	5	891353196
854	121	1	882813074
577	121	5	880470258
156	100	4	888185677
867	300	2	880077751
899	1	3	884120105
438	300	4	879867960
941	300	4	875048495
730	1	4	880310285
121	1	4	891388475
402	100	5	876266904
258	300	5	885700877
910	181	1	880821033
913	50	4	880758348
842	258	3	891217835
893	288	3	874827526
403	50	5	879785736
525	181	4	881085740
723	50	4	880498889
645	181	4	892053483
931	181	4	891036786
925	288	5	884633224
356	288	4	891406076
916	121	3	880843864
399	100	3	882509855
548	1	4	891043182
936	1	4	886832453
777	288	4	875979201
538	50	5	877107656
897	288	5	879988800
425	300	2	878737512
682	288	4	888516814
816	300	4	891710724
488	300	4	891293606
705	181	5	883426892
661	121	2	876037619
407	121	4	876343028
146	286	3	891457493
221	288	3	875244232
136	258	5	882693234
451	258	4	879012343
83	50	3	880327590
307	50	5	879284239
472	50	5	875978010
542	50	4	886532209
377	294	5	891296356
118	100	5	875384751
785	294	4	879438705
507	181	5	889965997
923	294	4	880387081
812	300	5	877625461
937	100	3	876769080
695	286	3	888805913
924	50	5	884371386
308	121	3	887739471
633	300	4	875324233
933	121	3	874855138
868	100	5	877103935
552	300	4	879220610
789	288	3	880331942
908	100	4	879722427
698	121	2	886368545
929	50	4	878402162
891	181	3	891638601
930	50	2	879534410
938	286	3	891356282
119	258	2	887037225
800	181	4	887646203
864	288	5	878179381
517	181	4	892660033
560	50	5	879976109
890	121	2	882915661
936	294	3	886831679
851	286	4	883148669
819	286	5	879952508
915	286	4	891030032
457	1	4	882393244
535	50	5	879618091
538	121	3	877110209
768	100	5	883835026
793	1	4	875104091
509	294	2	883590972
923	50	5	880387306
715	121	4	875962524
739	288	1	886825083
901	294	3	877125532
539	258	4	879787770
584	181	4	885778120
767	1	5	891462829
806	1	4	882385082
664	121	3	876526659
646	286	3	888528927
879	121	4	887761865
882	288	3	879860762
894	286	5	879896756
800	50	4	887646263
920	258	4	884220094
323	181	5	878739177
63	181	3	875747556
699	294	3	878881676
889	100	4	880176845
772	258	5	877533440
942	300	5	891282564
756	300	4	874826502
907	121	4	880159015
669	121	3	892549673
825	288	1	880931932
818	288	5	891870364
402	181	4	876266860
549	258	5	881671833
554	288	3	876231123
805	294	1	879970879
711	258	4	876185488
934	1	2	891225958
336	50	4	877759224
854	286	1	882811742
660	121	2	891197954
466	121	3	890285034
924	100	4	884371558
907	258	4	880158316
747	258	2	888638335
455	286	5	878585250
759	294	5	875227708
536	181	5	882318369
508	50	5	883777430
546	121	5	885140909
787	288	1	888979236
932	121	3	891251669
875	294	2	876464755
34	288	2	888601628
693	50	3	875483881
809	300	4	891036903
893	286	4	874828384
926	294	3	888636269
822	1	4	891037291
63	121	1	875748139
603	288	3	891956283
689	1	3	876676211
363	100	5	891495070
664	100	5	876523833
499	100	4	885599040
679	286	5	884312660
386	181	3	877654961
804	100	5	879445904
646	288	3	888529127
764	286	4	876232900
188	300	4	875071195
886	181	5	876031392
433	300	3	880585068
743	286	3	881277602
602	300	3	888637847
526	258	3	885681860
934	286	4	891188367
505	300	4	888631046
735	300	4	876697647
935	1	3	884472064
839	1	4	875751723
594	100	4	874781004
676	100	5	892686083
734	121	4	891026028
747	181	5	888639014
563	294	3	880506121
530	181	3	886202320
495	1	4	888632943
483	258	4	878950353
559	300	4	891035137
582	1	4	882961257
892	1	5	886608185
701	1	4	891447139
885	300	4	885712224
819	258	2	879952538
713	300	2	888881939
839	181	3	875751991
548	294	3	891042954
687	286	3	884651648
708	294	3	892719033
507	258	4	889963959
389	286	2	879915633
865	258	4	880142652
894	100	4	882404137
813	300	4	883752331
845	286	5	885409719
661	50	5	876013935
71	100	4	877319197
395	258	4	883762309
759	181	5	875227798
721	1	5	877137877
497	300	3	878759351
361	50	5	879441417
842	288	3	891218192
862	258	5	879302461
931	100	4	891036430
885	181	3	885712280
933	100	5	874853927
576	100	4	886984965
733	100	5	879535471
921	50	4	879381051
26	288	4	891347477
743	181	3	881277931
880	1	4	880166744
758	300	2	880672402
805	181	3	879971215
120	50	4	889489973
223	121	3	891549294
419	300	4	879435347
875	286	3	876464694
717	258	5	884642133
740	258	3	879522681
896	258	5	887157258
832	50	3	888260089
597	286	3	875338983
919	288	4	875288164
345	286	3	884900521
892	181	4	886608212
943	50	4	875501835
936	100	4	886832092
930	100	3	879534506
852	100	4	891036457
244	121	1	880604583
805	121	3	881694885
782	50	3	891499243
750	258	3	879445755
785	50	5	879439021
920	286	2	884219953
927	1	5	879191524
294	294	4	877818860
540	121	2	882157148
896	100	3	887158294
434	1	4	886724590
865	1	1	880143424
552	1	3	879221716
49	300	1	888065577
406	286	3	879445250
893	50	5	874829883
896	288	3	887235788
641	258	3	879369806
674	181	4	887762603
579	294	4	880951494
893	121	4	874830313
49	121	1	888068100
683	258	3	893282978
892	288	4	886610626
913	258	4	889331049
797	294	3	879439105
892	300	4	886607521
315	288	3	879821349
935	181	4	884472039
923	121	4	880387908
896	300	2	887157234
938	100	5	891356350
923	1	3	880387306
766	294	2	891307007
747	100	5	888639397
85	181	4	882813312
837	181	3	875721869
692	1	4	876953340
919	181	4	875289250
864	121	4	877214085
407	288	4	890687293
584	50	4	885777950
715	100	2	875961816
521	181	4	884475845
844	100	4	877381607
642	181	5	885603699
749	181	5	878846998
924	181	3	884371535
639	100	1	891240495
917	121	1	882911567
232	286	3	880062259
157	258	3	886890296
847	50	4	878774969
788	294	3	880867855
441	300	3	891035056
615	300	4	879447613
786	100	4	882841667
345	181	4	884992479
604	288	3	883668261
701	286	4	891446488
910	121	1	880821492
876	286	5	879428072
546	300	3	885139842
791	294	3	879447940
917	1	3	882910888
288	286	4	886372862
755	286	5	882569670
416	100	5	893212895
21	1	5	874951244
788	300	5	880867477
537	300	1	886028446
216	181	3	880232597
710	294	3	882063224
902	1	5	879465583
634	300	3	881952599
753	300	1	891401167
827	286	3	882201725
838	50	5	887063657
723	286	3	880498746
507	294	5	889964274
703	100	4	875242663
748	1	4	879455040
730	121	4	880310506
817	121	3	874815835
909	294	3	891920763
938	1	4	891356314
908	300	3	879722076
183	258	3	891462811
774	50	4	888557198
869	288	3	884490011
771	50	4	880659347
497	50	5	879310580
416	300	4	876696823
807	258	3	892527100
52	288	3	882922454
820	258	3	887954853
910	286	3	883760216
779	50	5	875992279
878	258	3	880865562
564	258	4	888718771
504	300	4	887831274
760	258	5	875665793
497	121	4	879310581
301	100	5	882074408
932	1	4	891249932
804	288	1	879447476
913	181	3	880825135
683	294	3	893286346
685	288	2	879451147
384	286	4	891273649
898	258	3	888294407
934	181	4	891189275
921	294	4	879379338
623	288	1	891032140
941	1	5	875049144
722	121	5	891281182
622	181	5	882592041
237	286	3	879376220
710	258	2	882063224
941	294	4	875048532
907	1	5	880158712
141	181	4	884584709
915	258	2	891030108
548	288	3	891042794
521	300	3	884475555
919	258	4	875288164
725	294	3	876103726
833	288	2	875035487
648	50	5	882211016
881	181	4	876535928
593	181	4	875658800
555	100	5	879964092
708	181	5	877325279
714	294	4	892777903
37	121	2	880915528
145	121	2	875270507
913	288	2	880755823
404	288	3	883790314
574	286	3	891278916
551	258	4	892775584
458	100	4	886394373
821	294	4	874792194
478	100	5	889388863
251	294	3	886272283
790	100	2	884461334
140	288	3	879013617
588	294	4	890014887
388	121	4	886436756
265	1	5	875320247
190	288	5	891033606
880	294	4	880166557
709	1	4	879847730
276	300	4	874786338
376	100	4	879454598
445	1	3	891199749
398	1	5	875652927
159	288	3	884026901
682	1	4	888523054
907	288	5	880158476
599	294	4	880951113
895	1	4	879437950
382	286	2	875945173
747	1	5	888639138
804	294	5	879441099
737	100	5	884314664
57	121	4	883697432
734	50	4	891022627
749	50	5	878846978
657	258	2	884238559
806	100	4	882385063
541	258	4	883864123
786	1	4	882841828
867	294	3	880077831
886	50	5	876031501
889	181	4	880177131
554	181	4	876550100
800	1	4	887646283
577	181	5	880474612
794	100	5	891035063
734	294	1	891025891
689	258	5	876674954
739	50	4	886958895
937	294	1	876769480
874	286	4	888632057
903	50	5	891031329
895	100	4	879437997
593	1	3	875659150
363	181	5	891494783
780	50	5	891363685
130	121	5	876250746
